Delta N
0.0001 1001
cos
0
0.00753889
0.0150722
0.0225944
0.0300999
0.0375831
0.0450385
0.0524606
0.0598438
0.0671828
0.0744719
0.0817058
0.0888791
0.0959864
0.103022
0.109981
0.116859
0.123649
0.130347
0.136947
0.143445
0.149835
0.156113
0.162273
0.168312
0.174223
0.180002
0.185645
0.191147
0.196503
0.20171
0.206763
0.211657
0.216388
0.220953
0.225347
0.229566
0.233607
0.237466
0.241139
0.244623
0.247914
0.25101
0.253906
0.256599
0.259087
0.261367
0.263436
0.265292
0.266931
0.268351
0.269551
0.270527
0.271278
0.271801
0.272096
0.27216
0.271991
0.271588
0.270951
0.270076
0.268964
0.267614
0.266024
0.264194
0.262124
0.259812
0.257259
0.254464
0.251427
0.248149
0.244629
0.240869
0.236867
0.232625
0.228144
0.223425
0.218467
0.213274
0.207845
0.202182
0.196286
0.19016
0.183805
0.177223
0.170415
0.163384
0.156132
0.148662
0.140976
0.133076
0.124965
0.116646
0.108122
0.0993965
0.0904719
0.0813516
0.0720392
0.062538
0.0528517
0.0429839
0.0329385
0.0227194
0.0123304
0.00177585
-0.00894023
-0.0198135
-0.0308397
-0.0420142
-0.0533327
-0.0647903
-0.0763826
-0.0881046
-0.0999515
-0.111918
-0.124
-0.136192
-0.148489
-0.160885
-0.173376
-0.185955
-0.198618
-0.21136
-0.224174
-0.237056
-0.249999
-0.262998
-0.276047
-0.289142
-0.302275
-0.315442
-0.328636
-0.341851
-0.355083
-0.368324
-0.38157
-0.394814
-0.408051
-0.421274
-0.434477
-0.447655
-0.460802
-0.473913
-0.48698
-0.499998
-0.512962
-0.525865
-0.538702
-0.551467
-0.564154
-0.576757
-0.589271
-0.60169
-0.614008
-0.62622
-0.63832
-0.650303
-0.662163
-0.673895
-0.685493
-0.696953
-0.708268
-0.719434
-0.730446
-0.741298
-0.751985
-0.762504
-0.772848
-0.783013
-0.792994
-0.802787
-0.812388
-0.821791
-0.830993
-0.839989
-0.848775
-0.857347
-0.865701
-0.873833
-0.881739
-0.889416
-0.896861
-0.904069
-0.911038
-0.917763
-0.924243
-0.930474
-0.936452
-0.942177
-0.947643
-0.95285
-0.957795
-0.962475
-0.966889
-0.971033
-0.974907
-0.978508
-0.981836
-0.984887
-0.987661
-0.990157
-0.992373
-0.994308
-0.995962
-0.997333
-0.998421
-0.999226
-0.999747
-0.999984
-0.999937
-0.999605
-0.99899
-0.99809
-0.996908
-0.995442
-0.993695
-0.991666
-0.989357
-0.986768
-0.983902
-0.980758
-0.97734
-0.973647
-0.969683
-0.965449
-0.960946
-0.956178
-0.951146
-0.945852
-0.940299
-0.93449
-0.928427
-0.922113
-0.915551
-0.908744
-0.901695
-0.894408
-0.886886
-0.879132
-0.87115
-0.862943
-0.854516
-0.845873
-0.837016
-0.827951
-0.818682
-0.809213
-0.799548
-0.789691
-0.779648
-0.769423
-0.75902
-0.748445
-0.737702
-0.726797
-0.715733
-0.704517
-0.693153
-0.681647
-0.670003
-0.658228
-0.646326
-0.634304
-0.622166
-0.609918
-0.597565
-0.585114
-0.57257
-0.559938
-0.547225
-0.534435
-0.521576
-0.508652
-0.495669
-0.482634
-0.469552
-0.456429
-0.44327
-0.430083
-0.416872
-0.403644
-0.390405
-0.377159
-0.363914
-0.350676
-0.337449
-0.324239
-0.311054
-0.297898
-0.284777
-0.271697
-0.258663
-0.245682
-0.232759
-0.219899
-0.207109
-0.194393
-0.181757
-0.169206
-0.156747
-0.144383
-0.132121
-0.119965
-0.107921
-0.0959931
-0.0841872
-0.0725079
-0.06096
-0.0495481
-0.0382771
-0.0271515
-0.0161757
-0.0053543
0.00530847
0.0158084
0.0261412
0.0363029
0.0462896
0.0560974
0.0657224
0.0751612
0.08441
0.0934655
0.102324
0.110983
0.119439
0.127689
0.13573
0.143559
0.151174
0.158571
0.16575
0.172707
0.17944
0.185947
0.192226
0.198275
0.204093
0.209678
0.215029
0.220144
0.225023
0.229663
0.234064
0.238226
0.242148
0.245828
0.249268
0.252465
0.255421
0.258136
0.260609
0.26284
0.26483
0.26658
0.26809
0.269361
0.270394
0.271189
0.271748
0.272073
0.272164
0.272023
0.271652
0.271053
0.270227
0.269176
0.267903
0.266409
0.264698
0.262771
0.260631
0.258282
0.255725
0.252964
0.250001
0.24684
0.243484
0.239937
0.236202
0.232282
0.228181
0.223903
0.219452
0.214831
0.210045
0.205098
0.199993
0.194736
0.189331
0.183781
0.178092
0.172269
0.166315
0.160235
0.154035
0.14772
0.141293
0.13476
0.128127
0.121398
0.114578
0.107673
0.100688
0.0936274
0.0864976
0.0793035
0.0720506
0.0647443
0.05739
0.0499932
0.0425594
0.0350941
0.0276029
0.0200912
0.0125647
0.00502892
-0.00251058
-0.0100482
-0.0175785
-0.0250957
-0.0325944
-0.0400689
-0.0475139
-0.0549237
-0.0622928
-0.0696157
-0.0768871
-0.0841014
-0.0912533
-0.0983374
-0.105348
-0.112281
-0.11913
-0.12589
-0.132556
-0.139122
-0.145585
-0.151938
-0.158178
-0.164298
-0.170294
-0.176162
-0.181896
-0.187493
-0.192947
-0.198254
-0.20341
-0.20841
-0.21325
-0.217927
-0.222435
-0.226772
-0.230932
-0.234913
-0.23871
-0.242321
-0.245741
-0.248967
-0.251996
-0.254825
-0.257451
-0.25987
-0.26208
-0.264078
-0.265862
-0.267428
-0.268775
-0.269901
-0.270802
-0.271477
-0.271925
-0.272143
-0.272129
-0.271883
-0.271402
-0.270686
-0.269732
-0.268541
-0.267111
-0.265442
-0.263532
-0.261381
-0.258989
-0.256355
-0.25348
-0.250363
-0.247004
-0.243404
-0.239563
-0.235481
-0.23116
-0.226599
-0.2218
-0.216764
-0.211492
-0.205985
-0.200244
-0.194272
-0.188069
-0.181638
-0.174981
-0.168098
-0.160994
-0.153669
-0.146126
-0.138369
-0.130398
-0.122218
-0.113831
-0.105239
-0.0964467
-0.0874565
-0.0782719
-0.0688962
-0.059333
-0.0495858
-0.0396585
-0.0295548
-0.0192787
-0.00883415
0.00177468
0.0125436
0.0234683
0.0345443
0.0457673
0.0571326
0.0686356
0.0802716
0.0920357
0.103923
0.115929
0.128048
0.140275
0.152606
0.165034
0.177555
0.190163
0.202853
0.215619
0.228456
0.241359
0.254321
0.267338
0.280403
0.293511
0.306656
0.319832
0.333034
0.346256
0.359491
0.372735
0.385981
0.399223
0.412455
0.425672
0.438868
0.452037
0.465172
0.478269
0.49132
0.504321
0.517265
0.530147
0.542961
0.5557
0.56836
0.580934
0.593417
0.605803
0.618087
0.630262
0.642324
0.654266
0.666084
0.677772
0.689325
0.700737
0.712003
0.723118
0.734077
0.744875
0.755507
0.765968
0.776253
0.786357
0.796276
0.806006
0.815541
0.824878
0.834011
0.842938
0.851653
0.860153
0.868433
0.876491
0.884321
0.891921
0.899287
0.906416
0.913304
0.919948
0.926345
0.932493
0.938387
0.944026
0.949406
0.954526
0.959383
0.963975
0.968299
0.972353
0.976137
0.979647
0.982882
0.985841
0.988523
0.990926
0.993048
0.99489
0.99645
0.997727
0.998721
0.999431
0.999858
1
0.999858
0.999432
0.998722
0.997728
0.996451
0.994892
0.99305
0.990928
0.988526
0.985844
0.982886
0.97965
0.976141
0.972358
0.968303
0.963979
0.959388
0.954531
0.949412
0.944032
0.938393
0.932499
0.926352
0.919955
0.913311
0.906424
0.899295
0.891929
0.884329
0.876499
0.868442
0.860162
0.851662
0.842947
0.834021
0.824887
0.815551
0.806016
0.796287
0.786368
0.776263
0.765979
0.755518
0.744886
0.734089
0.72313
0.712015
0.700749
0.689337
0.677785
0.666097
0.654279
0.642336
0.630275
0.618099
0.605816
0.59343
0.580947
0.568373
0.555714
0.542974
0.530161
0.517279
0.504335
0.491334
0.478283
0.465186
0.452051
0.438882
0.425686
0.412469
0.399237
0.385995
0.372749
0.359505
0.34627
0.333048
0.319846
0.30667
0.293525
0.280417
0.267352
0.254335
0.241372
0.22847
0.215632
0.202866
0.190176
0.177568
0.165047
0.152619
0.140288
0.128061
0.115942
0.103936
0.0920482
0.080284
0.0686478
0.0571447
0.0457792
0.0345561
0.0234799
0.012555
0.00178597
-0.00882304
-0.0192678
-0.0295441
-0.0396479
-0.0495755
-0.0593228
-0.0688862
-0.0782621
-0.087447
-0.0964373
-0.10523
-0.113822
-0.122209
-0.13039
-0.13836
-0.146118
-0.153661
-0.160986
-0.168091
-0.174974
-0.181631
-0.188063
-0.194266
-0.200238
-0.205979
-0.211486
-0.216759
-0.221795
-0.226594
-0.231155
-0.235477
-0.239559
-0.2434
-0.247
-0.250359
-0.253476
-0.256352
-0.258986
-0.261378
-0.263529
-0.26544
-0.26711
-0.26854
-0.269731
-0.270685
-0.271402
-0.271883
-0.272129
-0.272143
-0.271925
-0.271478
-0.270803
-0.269902
-0.268777
-0.26743
-0.265863
-0.26408
-0.262082
-0.259872
-0.257453
-0.254828
-0.251999
-0.24897
-0.245744
-0.242324
-0.238714
-0.234917
-0.230936
-0.226776
-0.22244
-0.217932
-0.213256
-0.208415
-0.203415
-0.19826
-0.192953
-0.187499
-0.181902
-0.176168
-0.1703
-0.164304
-0.158184
-0.151945
-0.145592
-0.139129
-0.132563
-0.125897
-0.119137
-0.112288
-0.105356
-0.0983448
-0.0912608
-0.084109
-0.0768947
-0.0696234
-0.0623005
-0.0549315
-0.0475217
-0.0400768
-0.0326023
-0.0251036
-0.0175864
-0.0100562
-0.00251854
0.00502096
0.0125568
0.0200833
0.0275949
0.0350862
0.0425515
0.0499854
0.0573822
0.0647366
0.0720429
0.0792959
0.08649
0.0936199
0.10068
0.107666
0.114571
0.121391
0.12812
0.134754
0.141286
0.147713
0.154029
0.160229
0.166308
0.172263
0.178086
0.183775
0.189325
0.194731
0.199988
0.205092
0.21004
0.214826
0.219447
0.223898
0.228177
0.232278
0.236198
0.239933
0.243481
0.246837
0.249998
0.252961
0.255722
0.258279
0.260629
0.262769
0.264696
0.266407
0.267901
0.269175
0.270226
0.271052
0.271652
0.272023
0.272164
0.272073
0.271749
0.27119
0.270395
0.269362
0.268092
0.266582
0.264832
0.262842
0.260611
0.258138
0.255424
0.252469
0.249271
0.245832
0.242152
0.23823
0.234069
0.229668
0.225028
0.22015
0.215035
0.209684
0.204099
0.198281
0.192232
0.185953
0.179447
0.172714
0.165757
0.158579
0.151182
0.143567
0.135738
0.127697
0.119448
0.110992
0.102334
0.093475
0.0844197
0.075171
0.0657325
0.0561076
0.0463001
0.0363136
0.026152
0.0158194
0.00531965
-0.00534296
-0.0161642
-0.0271398
-0.0382653
-0.0495362
-0.0609478
-0.0724957
-0.0841748
-0.0959806
-0.107908
-0.119952
-0.132108
-0.14437
-0.156733
-0.169193
-0.181744
-0.194379
-0.207095
-0.219886
-0.232746
-0.245669
-0.25865
-0.271683
-0.284763
-0.297884
-0.31104
-0.324226
-0.337435
-0.350662
-0.3639
-0.377145
-0.390391
-0.40363
-0.416858
-0.430069
-0.443257
-0.456415
-0.469538
-0.48262
-0.495655
-0.508638
-0.521562
-0.534422
-0.547211
-0.559925
-0.572557
-0.585101
-0.597552
-0.609905
-0.622153
-0.634291
-0.646314
-0.658216
-0.669991
-0.681634
-0.693141
-0.704505
-0.715721
-0.726785
-0.737691
-0.748434
-0.759009
-0.769412
