      0.0000,      0.0000,      0.0000,
      0.0031,      0.0000,      0.5715,
      0.0061,      0.0000,     -0.7187,
      0.0092,      0.0000,     -0.2900,
      0.0123,      0.0000,      0.4287,
      0.0153,      0.0000,      0.1091,
      0.0184,      0.0000,      0.4794,
      0.0215,      0.0000,     -0.9708,
      0.0245,      0.0000,      0.1330,
      0.0276,      0.0000,      0.1781,
      0.0307,      0.0000,      0.3728,
      0.0337,      0.0000,      0.1408,
      0.0368,      0.0000,     -0.9400,
      0.0399,      0.0000,      0.3819,
      0.0430,      0.0000,     -0.0065,
      0.0460,      0.0000,      0.6336,
      0.0491,      0.0000,     -0.3300,
      0.0522,      0.0000,     -0.6487,
      0.0552,      0.0000,      0.3849,
      0.0583,      0.0000,      0.0038,
      0.0614,      0.0000,      0.7218,
      0.0644,      0.0000,     -0.7473,
      0.0675,      0.0000,     -0.2359,
      0.0706,      0.0000,      0.1991,
      0.0736,      0.0000,      0.2247,
      0.0767,      0.0000,      0.5447,
      0.0798,      0.0000,     -0.9441,
      0.0828,      0.0000,      0.1125,
      0.0859,      0.0000,     -0.0230,
      0.0890,      0.0000,      0.5491,
      0.0920,      0.0000,      0.1372,
      0.0951,      0.0000,     -0.8540,
      0.0982,      0.0000,      0.2572,
      0.1012,      0.0000,     -0.1149,
      0.1043,      0.0000,      0.8013,
      0.1074,      0.0000,     -0.3520,
      0.1104,      0.0000,     -0.5426,
      0.1135,      0.0000,      0.1729,
      0.1166,      0.0000,      0.0149,
      0.1197,      0.0000,      0.8274,
      0.1227,      0.0000,     -0.7317,
      0.1258,      0.0000,     -0.1726,
      0.1289,      0.0000,     -0.0416,
      0.1319,      0.0000,      0.3330,
      0.1350,      0.0000,      0.5753,
      0.1381,      0.0000,     -0.8612,
      0.1411,      0.0000,      0.0794,
      0.1442,      0.0000,     -0.2184,
      0.1473,      0.0000,      0.6960,
      0.1503,      0.0000,      0.1239,
      0.1534,      0.0000,     -0.7185,
      0.1565,      0.0000,      0.1118,
      0.1595,      0.0000,     -0.2099,
      0.1626,      0.0000,      0.9220,
      0.1657,      0.0000,     -0.3530,
      0.1687,      0.0000,     -0.4080,
      0.1718,      0.0000,     -0.0521,
      0.1749,      0.0000,      0.0318,
      0.1779,      0.0000,      0.8828,
      0.1810,      0.0000,     -0.6714,
      0.1841,      0.0000,     -0.1050,
      0.1871,      0.0000,     -0.2789,
      0.1902,      0.0000,      0.4265,
      0.1933,      0.0000,      0.5707,
      0.1963,      0.0000,     -0.7265,
      0.1994,      0.0000,      0.0346,
      0.2025,      0.0000,     -0.3966,
      0.2056,      0.0000,      0.8040,
      0.2086,      0.0000,      0.1037,
      0.2117,      0.0000,     -0.5419,
      0.2148,      0.0000,     -0.0460,
      0.2178,      0.0000,     -0.2864,
      0.2209,      0.0000,      0.9881,
      0.2240,      0.0000,     -0.3310,
      0.2270,      0.0000,     -0.2536,
      0.2301,      0.0000,     -0.2768,
      0.2332,      0.0000,      0.0525,
      0.2362,      0.0000,      0.8854,
      0.2393,      0.0000,     -0.5690,
      0.2424,      0.0000,     -0.0379,
      0.2454,      0.0000,     -0.4987,
      0.2485,      0.0000,      0.4986,
      0.2516,      0.0000,      0.5327,
      0.2546,      0.0000,     -0.5479,
      0.2577,      0.0000,     -0.0195,
      0.2608,      0.0000,     -0.5473,
      0.2638,      0.0000,      0.8659,
      0.2669,      0.0000,      0.0795,
      0.2700,      0.0000,     -0.3351,
      0.2730,      0.0000,     -0.2068,
      0.2761,      0.0000,     -0.3409,
      0.2792,      0.0000,      0.9959,
      0.2823,      0.0000,     -0.2860,
      0.2853,      0.0000,     -0.0894,
      0.2884,      0.0000,     -0.4877,
      0.2915,      0.0000,      0.0745,
      0.2945,      0.0000,      0.8359,
      0.2976,      0.0000,     -0.4296,
      0.3007,      0.0000,      0.0240,
      0.3037,      0.0000,     -0.6880,
      0.3068,      0.0000,      0.5435,
      0.3099,      0.0000,      0.4651,
      0.3129,      0.0000,     -0.3357,
      0.3160,      0.0000,     -0.0800,
      0.3191,      0.0000,     -0.6624,
      0.3221,      0.0000,      0.8771,
      0.3252,      0.0000,      0.0545,
      0.3283,      0.0000,     -0.1108,
      0.3313,      0.0000,     -0.3607,
      0.3344,      0.0000,     -0.3713,
      0.3375,      0.0000,      0.9447,
      0.3405,      0.0000,     -0.2192,
      0.3436,      0.0000,      0.0746,
      0.3467,      0.0000,     -0.6718,
      0.3497,      0.0000,      0.0946,
      0.3528,      0.0000,      0.7380,
      0.3559,      0.0000,     -0.2609,
      0.3590,      0.0000,      0.0772,
      0.3620,      0.0000,     -0.8357,
      0.3651,      0.0000,      0.5571,
      0.3682,      0.0000,      0.3734,
      0.3712,      0.0000,     -0.1024,
      0.3743,      0.0000,     -0.1427,
      0.3774,      0.0000,     -0.7356,
      0.3804,      0.0000,      0.8360,
      0.3835,      0.0000,      0.0317,
      0.3866,      0.0000,      0.1176,
      0.3896,      0.0000,     -0.4981,
      0.3927,      0.0000,     -0.3775,
      0.3958,      0.0000,      0.8376,
      0.3988,      0.0000,     -0.1335,
      0.4019,      0.0000,      0.2285,
      0.4050,      0.0000,     -0.8179,
      0.4080,      0.0000,      0.1101,
      0.4111,      0.0000,      0.5985,
      0.4142,      0.0000,     -0.0724,
      0.4172,      0.0000,      0.1187,
      0.4203,      0.0000,     -0.9332,
      0.4234,      0.0000,      0.5369,
      0.4264,      0.0000,      0.2642,
      0.4295,      0.0000,      0.1380,
      0.4326,      0.0000,     -0.2032,
      0.4357,      0.0000,     -0.7638,
      0.4387,      0.0000,      0.7442,
      0.4418,      0.0000,      0.0135,
      0.4449,      0.0000,      0.3364,
      0.4479,      0.0000,     -0.6098,
      0.4510,      0.0000,     -0.3606,
      0.4541,      0.0000,      0.6811,
      0.4571,      0.0000,     -0.0333,
      0.4602,      0.0000,      0.3634,
      0.4633,      0.0000,     -0.9168,
      0.4663,      0.0000,      0.1180,
      0.4694,      0.0000,      0.4263,
      0.4725,      0.0000,      0.1249,
      0.4755,      0.0000,      0.1470,
      0.4786,      0.0000,     -0.9751,
      0.4817,      0.0000,      0.4827,
      0.4847,      0.0000,      0.1450,
      0.4878,      0.0000,      0.3712,
      0.4909,      0.0000,     -0.2567,
      0.4939,      0.0000,     -0.7464,
      0.4970,      0.0000,      0.6065,
      0.5001,      0.0000,      0.0018,
      0.5031,      0.0000,      0.5327,
      0.5062,      0.0000,     -0.6882,
      0.5093,      0.0000,     -0.3234,
      0.5123,      0.0000,      0.4845,
      0.5154,      0.0000,      0.0757,
      0.5185,      0.0000,      0.4721,
      0.5216,      0.0000,     -0.9620,
      0.5246,      0.0000,      0.1161,
      0.5277,      0.0000,      0.2323,
      0.5308,      0.0000,      0.3192,
      0.5338,      0.0000,      0.1616,
      0.5369,      0.0000,     -0.9591,
      0.5400,      0.0000,      0.3964,
      0.5430,      0.0000,      0.0235,
      0.5461,      0.0000,      0.5833,
      0.5492,      0.0000,     -0.2987,
      0.5522,      0.0000,     -0.6856,
      0.5553,      0.0000,      0.4305,
      0.5584,      0.0000,     -0.0024,
      0.5614,      0.0000,      0.6951,
      0.5645,      0.0000,     -0.7273,
      0.5676,      0.0000,     -0.2698,
      0.5706,      0.0000,      0.2596,
      0.5737,      0.0000,      0.1870,
      0.5768,      0.0000,      0.5488,
      0.5798,      0.0000,     -0.9505,
      0.5829,      0.0000,      0.1029,
      0.5860,      0.0000,      0.0285,
      0.5890,      0.0000,      0.4986,
      0.5921,      0.0000,      0.1629,
      0.5952,      0.0000,     -0.8867,
      0.5983,      0.0000,      0.2821,
      0.6013,      0.0000,     -0.0927,
      0.6044,      0.0000,      0.7615,
      0.6075,      0.0000,     -0.3249,
      0.6105,      0.0000,     -0.5863,
      0.6136,      0.0000,      0.2262,
      0.6167,      0.0000,      0.0012,
      0.6197,      0.0000,      0.8144,
      0.6228,      0.0000,     -0.7237,
      0.6259,      0.0000,     -0.2045,
      0.6289,      0.0000,      0.0199,
      0.6320,      0.0000,      0.2934,
      0.6351,      0.0000,      0.5903,
      0.6381,      0.0000,     -0.8823,
      0.6412,      0.0000,      0.0780,
      0.6443,      0.0000,     -0.1729,
      0.6473,      0.0000,      0.6518,
      0.6504,      0.0000,      0.1527,
      0.6535,      0.0000,     -0.7625,
      0.6565,      0.0000,      0.1457,
      0.6596,      0.0000,     -0.1968,
      0.6627,      0.0000,      0.8950,
      0.6657,      0.0000,     -0.3320,
      0.6688,      0.0000,     -0.4554,
      0.6719,      0.0000,      0.0055,
      0.6750,      0.0000,      0.0116,
      0.6780,      0.0000,      0.8842,
      0.6811,      0.0000,     -0.6761,
      0.6842,      0.0000,     -0.1327,
      0.6872,      0.0000,     -0.2203,
      0.6903,      0.0000,      0.3877,
      0.6934,      0.0000,      0.5953,
      0.6964,      0.0000,     -0.7612,
      0.6995,      0.0000,      0.0416,
      0.7026,      0.0000,     -0.3598,
      0.7056,      0.0000,      0.7691,
      0.7087,      0.0000,      0.1334,
      0.7118,      0.0000,     -0.5945,
      0.7148,      0.0000,     -0.0051,
      0.7179,      0.0000,     -0.2831,
      0.7210,      0.0000,      0.9758,
      0.7240,      0.0000,     -0.3180,
      0.7271,      0.0000,     -0.3017,
      0.7302,      0.0000,     -0.2184,
      0.7332,      0.0000,      0.0273,
      0.7363,      0.0000,      0.9009,
      0.7394,      0.0000,     -0.5864,
      0.7424,      0.0000,     -0.0596,
      0.7455,      0.0000,     -0.4467,
      0.7486,      0.0000,      0.4633,
      0.7516,      0.0000,      0.5652,
      0.7547,      0.0000,     -0.5940,
      0.7578,      0.0000,     -0.0045,
      0.7609,      0.0000,     -0.5216,
      0.7639,      0.0000,      0.8427,
      0.7670,      0.0000,      0.1079,
      0.7701,      0.0000,     -0.3929,
      0.7731,      0.0000,     -0.1615,
      0.7762,      0.0000,     -0.3473,
      0.7793,      0.0000,      0.9990,
      0.7823,      0.0000,     -0.2820,
      0.7854,      0.0000,     -0.1349,
      0.7885,      0.0000,     -0.4322,
      0.7915,      0.0000,      0.0462,
      0.7946,      0.0000,      0.8643,
      0.7977,      0.0000,     -0.4588,
      0.8007,      0.0000,      0.0098,
      0.8038,      0.0000,     -0.6458,
      0.8069,      0.0000,      0.5142,
      0.8099,      0.0000,      0.5031,
      0.8130,      0.0000,     -0.3903,
      0.8161,      0.0000,     -0.0579,
      0.8191,      0.0000,     -0.6491,
      0.8222,      0.0000,      0.8671,
      0.8253,      0.0000,      0.0795,
      0.8283,      0.0000,     -0.1701,
      0.8314,      0.0000,     -0.3140,
      0.8345,      0.0000,     -0.3869,
      0.8376,      0.0000,      0.9630,
      0.8406,      0.0000,     -0.2247,
      0.8437,      0.0000,      0.0344,
      0.8468,      0.0000,     -0.6228,
      0.8498,      0.0000,      0.0653,
      0.8529,      0.0000,      0.7775,
      0.8560,      0.0000,     -0.3001,
      0.8590,      0.0000,      0.0713,
      0.8621,      0.0000,     -0.8060,
      0.8652,      0.0000,      0.5359,
      0.8682,      0.0000,      0.4142,
      0.8713,      0.0000,     -0.1623,
      0.8744,      0.0000,     -0.1150,
      0.8774,      0.0000,     -0.7354,
      0.8805,      0.0000,      0.8400,
      0.8836,      0.0000,      0.0514,
      0.8866,      0.0000,      0.0604,
      0.8897,      0.0000,     -0.4530,
      0.8928,      0.0000,     -0.4008,
      0.8958,      0.0000,      0.8700,
      0.8989,      0.0000,     -0.1484,
      0.9020,      0.0000,      0.1962,
      0.9050,      0.0000,     -0.7785,
      0.9081,      0.0000,      0.0820,
      0.9112,      0.0000,      0.6463,
      0.9143,      0.0000,     -0.1193,
      0.9173,      0.0000,      0.1215,
      0.9204,      0.0000,     -0.9177,
      0.9235,      0.0000,      0.5255,
      0.9265,      0.0000,      0.3050,
      0.9296,      0.0000,      0.0767,
      0.9327,      0.0000,     -0.1719,
      0.9357,      0.0000,     -0.7765,
      0.9388,      0.0000,      0.7623,
      0.9419,      0.0000,      0.0265,
      0.9449,      0.0000,      0.2850,
      0.9480,      0.0000,     -0.5694,
      0.9511,      0.0000,     -0.3899,
      0.9541,      0.0000,      0.7255,
      0.9572,      0.0000,     -0.0567,
      0.9603,      0.0000,      0.3410,
      0.9633,      0.0000,     -0.8895,
      0.9664,      0.0000,      0.0932,
      0.9695,      0.0000,      0.4794,
      0.9725,      0.0000,      0.0733,
      0.9756,      0.0000,      0.1580,
      0.9787,      0.0000,     -0.9747,
      0.9817,      0.0000,      0.4821,
      0.9848,      0.0000,      0.1831,
      0.9879,      0.0000,      0.3124,
      0.9910,      0.0000,     -0.2239,
      0.9940,      0.0000,     -0.7710,
      0.9971,      0.0000,      0.6375,
      1.0002,      0.0000,      0.0071,
      1.0032,      0.0000,      0.4903,
      1.0063,      0.0000,     -0.6552,
      1.0094,      0.0000,     -0.3565,
      1.0124,      0.0000,      0.5381,
      1.0155,      0.0000,      0.0452,
      1.0186,      0.0000,      0.4607,
      1.0216,      0.0000,     -0.9488,
      1.0247,      0.0000,      0.0966,
      1.0278,      0.0000,      0.2873,
      1.0308,      0.0000,      0.2660,
      1.0339,      0.0000,      0.1799,
      1.0370,      0.0000,     -0.9738,
      1.0400,      0.0000,      0.4070,
      1.0431,      0.0000,      0.0565,
      1.0462,      0.0000,      0.5306,
      1.0492,      0.0000,     -0.2668,
      1.0523,      0.0000,     -0.7203,
      1.0554,      0.0000,      0.4727,
      1.0584,      0.0000,     -0.0050,
      1.0615,      0.0000,      0.6643,
      1.0646,      0.0000,     -0.7040,
      1.0676,      0.0000,     -0.3044,
      1.0707,      0.0000,      0.3191,
      1.0738,      0.0000,      0.1513,
      1.0769,      0.0000,      0.5490,
      1.0799,      0.0000,     -0.9522,
      1.0830,      0.0000,      0.0902,
      1.0861,      0.0000,      0.0818,
      1.0891,      0.0000,      0.4474,
      1.0922,      0.0000,      0.1870,
      1.0953,      0.0000,     -0.9155,
      1.0983,      0.0000,      0.3033,
      1.1014,      0.0000,     -0.0669,
      1.1045,      0.0000,      0.7182,
      1.1075,      0.0000,     -0.2963,
      1.1106,      0.0000,     -0.6287,
      1.1137,      0.0000,      0.2770,
      1.1167,      0.0000,     -0.0093,
      1.1198,      0.0000,      0.7970,
      1.1229,      0.0000,     -0.7118,
      1.1259,      0.0000,     -0.2380,
      1.1290,      0.0000,      0.0816,
      1.1321,      0.0000,      0.2549,
      1.1351,      0.0000,      0.6018,
      1.1382,      0.0000,     -0.8990,
      1.1413,      0.0000,      0.0730,
      1.1443,      0.0000,     -0.1246,
      1.1474,      0.0000,      0.6059,
      1.1505,      0.0000,      0.1808,
      1.1536,      0.0000,     -0.8036,
      1.1566,      0.0000,      0.1763,
      1.1597,      0.0000,     -0.1799,
      1.1628,      0.0000,      0.8640,
      1.1658,      0.0000,     -0.3088,
      1.1689,      0.0000,     -0.5026,
      1.1720,      0.0000,      0.0618,
      1.1750,      0.0000,     -0.0059,
      1.1781,      0.0000,      0.8811,
      1.1812,      0.0000,     -0.6767,
      1.1842,      0.0000,     -0.1629,
      1.1873,      0.0000,     -0.1604,
      1.1904,      0.0000,      0.3491,
      1.1934,      0.0000,      0.6172,
      1.1965,      0.0000,     -0.7918,
      1.1996,      0.0000,      0.0450,
      1.2026,      0.0000,     -0.3196,
      1.2057,      0.0000,      0.7315,
      1.2088,      0.0000,      0.1633,
      1.2118,      0.0000,     -0.6451,
      1.2149,      0.0000,      0.0331,
      1.2180,      0.0000,     -0.2759,
      1.2210,      0.0000,      0.9590,
      1.2241,      0.0000,     -0.3020,
      1.2272,      0.0000,     -0.3506,
      1.2303,      0.0000,     -0.1602,
      1.2333,      0.0000,      0.0042,
      1.2364,      0.0000,      0.9122,
      1.2395,      0.0000,     -0.5996,
      1.2425,      0.0000,     -0.0843,
      1.2456,      0.0000,     -0.3923,
      1.2487,      0.0000,      0.4271,
      1.2517,      0.0000,      0.5957,
      1.2548,      0.0000,     -0.6367,
      1.2579,      0.0000,      0.0071,
      1.2609,      0.0000,     -0.4918,
      1.2640,      0.0000,      0.8158,
      1.2671,      0.0000,      0.1374,
      1.2701,      0.0000,     -0.4499,
      1.2732,      0.0000,     -0.1181,
      1.2763,      0.0000,     -0.3502,
      1.2793,      0.0000,      0.9974,
      1.2824,      0.0000,     -0.2745,
      1.2855,      0.0000,     -0.1824,
      1.2885,      0.0000,     -0.3758,
      1.2916,      0.0000,      0.0191,
      1.2947,      0.0000,      0.8891,
      1.2977,      0.0000,     -0.4840,
      1.3008,      0.0000,     -0.0078,
      1.3039,      0.0000,     -0.6003,
      1.3070,      0.0000,      0.4831,
      1.3100,      0.0000,      0.5401,
      1.3131,      0.0000,     -0.4426,
      1.3162,      0.0000,     -0.0389,
      1.3192,      0.0000,     -0.6315,
      1.3223,      0.0000,      0.8530,
      1.3254,      0.0000,      0.1064,
      1.3284,      0.0000,     -0.2298,
      1.3315,      0.0000,     -0.2682,
      1.3346,      0.0000,     -0.3993,
      1.3376,      0.0000,      0.9768,
      1.3407,      0.0000,     -0.2265,
      1.3438,      0.0000,     -0.0085,
      1.3468,      0.0000,     -0.5717,
      1.3499,      0.0000,      0.0364,
      1.3530,      0.0000,      0.8141,
      1.3560,      0.0000,     -0.3359,
      1.3591,      0.0000,      0.0618,
      1.3622,      0.0000,     -0.7722,
      1.3652,      0.0000,      0.5121,
      1.3683,      0.0000,      0.4551,
      1.3714,      0.0000,     -0.2207,
      1.3744,      0.0000,     -0.0898,
      1.3775,      0.0000,     -0.7310,
      1.3806,      0.0000,      0.8397,
      1.3836,      0.0000,      0.0738,
      1.3867,      0.0000,      0.0019,
      1.3898,      0.0000,     -0.4078,
      1.3929,      0.0000,     -0.4217,
      1.3959,      0.0000,      0.8983,
      1.3990,      0.0000,     -0.1595,
      1.4021,      0.0000,      0.1605,
      1.4051,      0.0000,     -0.7361,
      1.4082,      0.0000,      0.0533,
      1.4113,      0.0000,      0.6924,
      1.4143,      0.0000,     -0.1635,
      1.4174,      0.0000,      0.1207,
      1.4205,      0.0000,     -0.8977,
      1.4235,      0.0000,      0.5108,
      1.4266,      0.0000,      0.3470,
      1.4297,      0.0000,      0.0157,
      1.4327,      0.0000,     -0.1422,
      1.4358,      0.0000,     -0.7853,
      1.4389,      0.0000,      0.7759,
      1.4419,      0.0000,      0.0427,
      1.4450,      0.0000,      0.2312,
      1.4481,      0.0000,     -0.5277,
      1.4511,      0.0000,     -0.4177,
      1.4542,      0.0000,      0.7666,
      1.4573,      0.0000,     -0.0767,
      1.4603,      0.0000,      0.3146,
      1.4634,      0.0000,     -0.8586,
      1.4665,      0.0000,      0.0669,
      1.4696,      0.0000,      0.5318,
      1.4726,      0.0000,      0.0234,
      1.4757,      0.0000,      0.1658,
      1.4788,      0.0000,     -0.9697,
      1.4818,      0.0000,      0.4778,
      1.4849,      0.0000,      0.2233,
      1.4880,      0.0000,      0.2526,
      1.4910,      0.0000,     -0.1920,
      1.4941,      0.0000,     -0.7922,
      1.4972,      0.0000,      0.6645,
      1.5002,      0.0000,      0.0160,
      1.5033,      0.0000,      0.4445,
      1.5064,      0.0000,     -0.6199,
      1.5094,      0.0000,     -0.3891,
      1.5125,      0.0000,      0.5894,
      1.5156,      0.0000,      0.0176,
      1.5186,      0.0000,      0.4452,
      1.5217,      0.0000,     -0.9313,
      1.5248,      0.0000,      0.0747,
      1.5278,      0.0000,      0.3426,
      1.5309,      0.0000,      0.2136,
      1.5340,      0.0000,      0.1954,
      1.5370,      0.0000,     -0.9841,
      1.5401,      0.0000,      0.4135,
      1.5432,      0.0000,      0.0923,
      1.5463,      0.0000,      0.4758,
      1.5493,      0.0000,     -0.2348,
      1.5524,      0.0000,     -0.7525,
      1.5555,      0.0000,      0.5113,
      1.5585,      0.0000,     -0.0041,
      1.5616,      0.0000,      0.6294,
      1.5647,      0.0000,     -0.6777,
      1.5677,      0.0000,     -0.3393,
      1.5708,      0.0000,      0.3774,
      1.5739,      0.0000,      0.1179,
      1.5769,      0.0000,      0.5453,
      1.5800,      0.0000,     -0.9493,
      1.5831,      0.0000,      0.0745,
      1.5861,      0.0000,      0.1366,
      1.5892,      0.0000,      0.3958,
      1.5923,      0.0000,      0.2092,
      1.5953,      0.0000,     -0.9404,
      1.5984,      0.0000,      0.3205,
      1.6015,      0.0000,     -0.0378,
      1.6045,      0.0000,      0.6719,
      1.6076,      0.0000,     -0.2666,
      1.6107,      0.0000,     -0.6695,
      1.6137,      0.0000,      0.3250,
      1.6168,      0.0000,     -0.0164,
      1.6199,      0.0000,      0.7751,
      1.6230,      0.0000,     -0.6963,
      1.6260,      0.0000,     -0.2729,
      1.6291,      0.0000,      0.1431,
      1.6322,      0.0000,      0.2178,
      1.6352,      0.0000,      0.6097,
      1.6383,      0.0000,     -0.9111,
      1.6414,      0.0000,      0.0647,
      1.6444,      0.0000,     -0.0739,
      1.6475,      0.0000,      0.5584,
      1.6506,      0.0000,      0.2078,
      1.6536,      0.0000,     -0.8414,
      1.6567,      0.0000,      0.2033,
      1.6598,      0.0000,     -0.1592,
      1.6628,      0.0000,      0.8291,
      1.6659,      0.0000,     -0.2837,
      1.6690,      0.0000,     -0.5493,
      1.6720,      0.0000,      0.1162,
      1.6751,      0.0000,     -0.0203,
      1.6782,      0.0000,      0.8735,
      1.6812,      0.0000,     -0.6732,
      1.6843,      0.0000,     -0.1952,
      1.6874,      0.0000,     -0.0994,
      1.6904,      0.0000,      0.3109,
      1.6935,      0.0000,      0.6361,
      1.6966,      0.0000,     -0.8182,
      1.6996,      0.0000,      0.0448,
      1.7027,      0.0000,     -0.2760,
      1.7058,      0.0000,      0.6913,
      1.7089,      0.0000,      0.1931,
      1.7119,      0.0000,     -0.6934,
      1.7150,      0.0000,      0.0683,
      1.7181,      0.0000,     -0.2650,
      1.7211,      0.0000,      0.9377,
      1.7242,      0.0000,     -0.2833,
      1.7273,      0.0000,     -0.4000,
      1.7303,      0.0000,     -0.1027,
      1.7334,      0.0000,     -0.0166,
      1.7365,      0.0000,      0.9191,
      1.7395,      0.0000,     -0.6086,
      1.7426,      0.0000,     -0.1120,
      1.7457,      0.0000,     -0.3357,
      1.7487,      0.0000,      0.3904,
      1.7518,      0.0000,      0.6240,
      1.7549,      0.0000,     -0.6758,
      1.7579,      0.0000,      0.0150,
      1.7610,      0.0000,     -0.4581,
      1.7641,      0.0000,      0.7857,
      1.7671,      0.0000,      0.1677,
      1.7702,      0.0000,     -0.5055,
      1.7733,      0.0000,     -0.0769,
      1.7763,      0.0000,     -0.3494,
      1.7794,      0.0000,      0.9912,
      1.7825,      0.0000,     -0.2638,
      1.7856,      0.0000,     -0.2314,
      1.7886,      0.0000,     -0.3189,
      1.7917,      0.0000,     -0.0064,
      1.7948,      0.0000,      0.9101,
      1.7978,      0.0000,     -0.5052,
      1.8009,      0.0000,     -0.0289,
      1.8040,      0.0000,     -0.5517,
      1.8070,      0.0000,      0.4505,
      1.8101,      0.0000,      0.5758,
      1.8132,      0.0000,     -0.4920,
      1.8162,      0.0000,     -0.0231,
      1.8193,      0.0000,     -0.6097,
      1.8224,      0.0000,      0.8349,
      1.8254,      0.0000,      0.1351,
      1.8285,      0.0000,     -0.2893,
      1.8316,      0.0000,     -0.2236,
      1.8346,      0.0000,     -0.4085,
      1.8377,      0.0000,      0.9860,
      1.8408,      0.0000,     -0.2246,
      1.8438,      0.0000,     -0.0539,
      1.8469,      0.0000,     -0.5191,
      1.8500,      0.0000,      0.0080,
      1.8530,      0.0000,      0.8476,
      1.8561,      0.0000,     -0.3681,
      1.8592,      0.0000,      0.0487,
      1.8623,      0.0000,     -0.7345,
      1.8653,      0.0000,      0.4859,
      1.8684,      0.0000,      0.4956,
      1.8715,      0.0000,     -0.2775,
      1.8745,      0.0000,     -0.0674,
      1.8776,      0.0000,     -0.7223,
      1.8807,      0.0000,      0.8351,
      1.8837,      0.0000,      0.0986,
      1.8868,      0.0000,     -0.0577,
      1.8899,      0.0000,     -0.3627,
      1.8929,      0.0000,     -0.4400,
      1.8960,      0.0000,      0.9224,
      1.8991,      0.0000,     -0.1669,
      1.9021,      0.0000,      0.1215,
      1.9052,      0.0000,     -0.6910,
      1.9083,      0.0000,      0.0243,
      1.9113,      0.0000,      0.7362,
      1.9144,      0.0000,     -0.2047,
      1.9175,      0.0000,      0.1162,
      1.9205,      0.0000,     -0.8733,
      1.9236,      0.0000,      0.4930,
      1.9267,      0.0000,      0.3896,
      1.9297,      0.0000,     -0.0448,
      1.9328,      0.0000,     -0.1147,
      1.9359,      0.0000,     -0.7900,
      1.9390,      0.0000,      0.7851,
      1.9420,      0.0000,      0.0620,
      1.9451,      0.0000,      0.1752,
      1.9482,      0.0000,     -0.4852,
      1.9512,      0.0000,     -0.4436,
      1.9543,      0.0000,      0.8041,
      1.9574,      0.0000,     -0.0930,
      1.9604,      0.0000,      0.2845,
      1.9635,      0.0000,     -0.8241,
      1.9666,      0.0000,      0.0395,
      1.9696,      0.0000,      0.5830,
      1.9727,      0.0000,     -0.0244,
      1.9758,      0.0000,      0.1701,
      1.9788,      0.0000,     -0.9601,
      1.9819,      0.0000,      0.4698,
      1.9850,      0.0000,      0.2652,
      1.9880,      0.0000,      0.1922,
      1.9911,      0.0000,     -0.1612,
      1.9942,      0.0000,     -0.8099,
      1.9972,      0.0000,      0.6872,
      2.0003,      0.0000,      0.0283,
      2.0034,      0.0000,      0.3957,
      2.0064,      0.0000,     -0.5829,
      2.0095,      0.0000,     -0.4207,
      2.0126,      0.0000,      0.6379,
      2.0156,      0.0000,     -0.0067,
      2.0187,      0.0000,      0.4257,
      2.0218,      0.0000,     -0.9096,
      2.0249,      0.0000,      0.0509,
      2.0279,      0.0000,      0.3980,
      2.0310,      0.0000,      0.1623,
      2.0341,      0.0000,      0.2081,
      2.0371,      0.0000,     -0.9899,
      2.0402,      0.0000,      0.4161,
      2.0433,      0.0000,      0.1306,
      2.0463,      0.0000,      0.4193,
      2.0494,      0.0000,     -0.2031,
      2.0525,      0.0000,     -0.7817,
      2.0555,      0.0000,      0.5462,
      2.0586,      0.0000,      0.0004,
      2.0617,      0.0000,      0.5907,
      2.0647,      0.0000,     -0.6487,
      2.0678,      0.0000,     -0.3743,
      2.0709,      0.0000,      0.4339,
      2.0739,      0.0000,      0.0871,
      2.0770,      0.0000,      0.5374,
      2.0801,      0.0000,     -0.9420,
      2.0831,      0.0000,      0.0561,
      2.0862,      0.0000,      0.1925,
      2.0893,      0.0000,      0.3442,
      2.0923,      0.0000,      0.2291,
      2.0954,      0.0000,     -0.9610,
      2.0985,      0.0000,      0.3338,
      2.1016,      0.0000,     -0.0055,
      2.1046,      0.0000,      0.6229,
      2.1077,      0.0000,     -0.2362,
      2.1108,      0.0000,     -0.7082,
      2.1138,      0.0000,      0.3700,
      2.1169,      0.0000,     -0.0199,
      2.1200,      0.0000,      0.7489,
      2.1230,      0.0000,     -0.6773,
      2.1261,      0.0000,     -0.3088,
      2.1292,      0.0000,      0.2040,
      2.1322,      0.0000,      0.1826,
      2.1353,      0.0000,      0.6139,
      2.1384,      0.0000,     -0.9186,
      2.1414,      0.0000,      0.0531,
      2.1445,      0.0000,     -0.0210,
      2.1476,      0.0000,      0.5099,
      2.1506,      0.0000,      0.2333,
      2.1537,      0.0000,     -0.8756,
      2.1568,      0.0000,      0.2267,
      2.1598,      0.0000,     -0.1349,
      2.1629,      0.0000,      0.7906,
      2.1660,      0.0000,     -0.2569,
      2.1690,      0.0000,     -0.5950,
      2.1721,      0.0000,      0.1686,
      2.1752,      0.0000,     -0.0317,
      2.1783,      0.0000,      0.8613,
      2.1813,      0.0000,     -0.6658,
      2.1844,      0.0000,     -0.2295,
      2.1875,      0.0000,     -0.0379,
      2.1905,      0.0000,      0.2735,
      2.1936,      0.0000,      0.6516,
      2.1967,      0.0000,     -0.8403,
      2.1997,      0.0000,      0.0410,
      2.2028,      0.0000,     -0.2294,
      2.2059,      0.0000,      0.6491,
      2.2089,      0.0000,      0.2223,
      2.2120,      0.0000,     -0.7389,
      2.2151,      0.0000,      0.1003,
      2.2181,      0.0000,     -0.2501,
      2.2212,      0.0000,      0.9123,
      2.2243,      0.0000,     -0.2622,
      2.2273,      0.0000,     -0.4496,
      2.2304,      0.0000,     -0.0463,
      2.2335,      0.0000,     -0.0348,
      2.2365,      0.0000,      0.9217,
      2.2396,      0.0000,     -0.6135,
      2.2427,      0.0000,     -0.1422,
      2.2457,      0.0000,     -0.2774,
      2.2488,      0.0000,      0.3536,
      2.2519,      0.0000,      0.6498,
      2.2549,      0.0000,     -0.7112,
      2.2580,      0.0000,      0.0194,
      2.2611,      0.0000,     -0.4207,
      2.2642,      0.0000,      0.7525,
      2.2672,      0.0000,      0.1985,
      2.2703,      0.0000,     -0.5595,
      2.2734,      0.0000,     -0.0382,
      2.2764,      0.0000,     -0.3448,
      2.2795,      0.0000,      0.9804,
      2.2826,      0.0000,     -0.2499,
      2.2856,      0.0000,     -0.2816,
      2.2887,      0.0000,     -0.2619,
      2.2918,      0.0000,     -0.0301,
      2.2948,      0.0000,      0.9270,
      2.2979,      0.0000,     -0.5222,
      2.3010,      0.0000,     -0.0532,
      2.3040,      0.0000,     -0.5002,
      2.3071,      0.0000,      0.4167,
      2.3102,      0.0000,      0.6098,
      2.3132,      0.0000,     -0.5384,
      2.3163,      0.0000,     -0.0108,
      2.3194,      0.0000,     -0.5837,
      2.3224,      0.0000,      0.8131,
      2.3255,      0.0000,      0.1650,
      2.3286,      0.0000,     -0.3483,
      2.3316,      0.0000,     -0.1807,
      2.3347,      0.0000,     -0.4142,
      2.3378,      0.0000,      0.9906,
      2.3409,      0.0000,     -0.2193,
      2.3439,      0.0000,     -0.1015,
      2.3470,      0.0000,     -0.4652,
      2.3501,      0.0000,     -0.0193,
      2.3531,      0.0000,      0.8778,
      2.3562,      0.0000,     -0.3964,
      2.3593,      0.0000,      0.0320,
      2.3623,      0.0000,     -0.6932,
      2.3654,      0.0000,      0.4576,
      2.3685,      0.0000,      0.5355,
      2.3715,      0.0000,     -0.3321,
      2.3746,      0.0000,     -0.0479,
      2.3777,      0.0000,     -0.7092,
      2.3807,      0.0000,      0.8262,
      2.3838,      0.0000,      0.1256,
      2.3869,      0.0000,     -0.1180,
      2.3899,      0.0000,     -0.3183,
      2.3930,      0.0000,     -0.4554,
      2.3961,      0.0000,      0.9421,
      2.3991,      0.0000,     -0.1706,
      2.4022,      0.0000,      0.0795,
      2.4053,      0.0000,     -0.6437,
      2.4083,      0.0000,     -0.0047,
      2.4114,      0.0000,      0.7775,
      2.4145,      0.0000,     -0.2427,
      2.4176,      0.0000,      0.1081,
      2.4206,      0.0000,     -0.8447,
      2.4237,      0.0000,      0.4724,
      2.4268,      0.0000,      0.4326,
      2.4298,      0.0000,     -0.1043,
      2.4329,      0.0000,     -0.0894,
      2.4360,      0.0000,     -0.7905,
      2.4390,      0.0000,      0.7900,
      2.4421,      0.0000,      0.0841,
      2.4452,      0.0000,      0.1175,
      2.4482,      0.0000,     -0.4423,
      2.4513,      0.0000,     -0.4674,
      2.4544,      0.0000,      0.8377,
      2.4574,      0.0000,     -0.1057,
      2.4605,      0.0000,      0.2508,
      2.4636,      0.0000,     -0.7864,
      2.4666,      0.0000,      0.0111,
      2.4697,      0.0000,      0.6328,
      2.4728,      0.0000,     -0.0697,
      2.4758,      0.0000,      0.1709,
      2.4789,      0.0000,     -0.9459,
      2.4820,      0.0000,      0.4584,
      2.4850,      0.0000,      0.3084,
      2.4881,      0.0000,      0.1316,
      2.4912,      0.0000,     -0.1320,
      2.4943,      0.0000,     -0.8237,
      2.4973,      0.0000,      0.7056,
      2.5004,      0.0000,      0.0440,
      2.5035,      0.0000,      0.3441,
      2.5065,      0.0000,     -0.5443,
      2.5096,      0.0000,     -0.4510,
      2.5127,      0.0000,      0.6834,
      2.5157,      0.0000,     -0.0277,
      2.5188,      0.0000,      0.4022,
      2.5219,      0.0000,     -0.8840,
      2.5249,      0.0000,      0.0252,
      2.5280,      0.0000,      0.4529,
      2.5311,      0.0000,      0.1125,
      2.5341,      0.0000,      0.2176,
      2.5372,      0.0000,     -0.9910,
      2.5403,      0.0000,      0.4149,
      2.5433,      0.0000,      0.1713,
      2.5464,      0.0000,      0.3614,
      2.5495,      0.0000,     -0.1719,
      2.5525,      0.0000,     -0.8077,
      2.5556,      0.0000,      0.5772,
      2.5587,      0.0000,      0.0085,
      2.5617,      0.0000,      0.5484,
      2.5648,      0.0000,     -0.6172,
      2.5679,      0.0000,     -0.4090,
      2.5709,      0.0000,      0.4883,
      2.5740,      0.0000,      0.0591,
      2.5771,      0.0000,      0.5255,
      2.5802,      0.0000,     -0.9303,
      2.5832,      0.0000,      0.0351,
      2.5863,      0.0000,      0.2491,
      2.5894,      0.0000,      0.2930,
      2.5924,      0.0000,      0.2464,
      2.5955,      0.0000,     -0.9773,
      2.5986,      0.0000,      0.3432,
      2.6016,      0.0000,      0.0299,
      2.6047,      0.0000,      0.5714,
      2.6078,      0.0000,     -0.2054,
      2.6108,      0.0000,     -0.7447,
      2.6139,      0.0000,      0.4118,
      2.6170,      0.0000,     -0.0199,
      2.6200,      0.0000,      0.7186,
      2.6231,      0.0000,     -0.6552,
      2.6262,      0.0000,     -0.3453,
      2.6292,      0.0000,      0.2640,
      2.6323,      0.0000,      0.1494,
      2.6354,      0.0000,      0.6140,
      2.6384,      0.0000,     -0.9216,
      2.6415,      0.0000,      0.0385,
      2.6446,      0.0000,      0.0338,
      2.6476,      0.0000,      0.4607,
      2.6507,      0.0000,      0.2571,
      2.6538,      0.0000,     -0.9060,
      2.6569,      0.0000,      0.2462,
      2.6599,      0.0000,     -0.1070,
      2.6630,      0.0000,      0.7488,
      2.6661,      0.0000,     -0.2288,
      2.6691,      0.0000,     -0.6393,
      2.6722,      0.0000,      0.2186,
      2.6753,      0.0000,     -0.0397,
      2.6783,      0.0000,      0.8447,
      2.6814,      0.0000,     -0.6546,
      2.6845,      0.0000,     -0.2653,
      2.6875,      0.0000,      0.0240,
      2.6906,      0.0000,      0.2374,
      2.6937,      0.0000,      0.6636,
      2.6967,      0.0000,     -0.8580,
      2.6998,      0.0000,      0.0338,
      2.7029,      0.0000,     -0.1801,
      2.7059,      0.0000,      0.6051,
      2.7090,      0.0000,      0.2507,
      2.7121,      0.0000,     -0.7815,
      2.7151,      0.0000,      0.1290,
      2.7182,      0.0000,     -0.2314,
      2.7213,      0.0000,      0.8827,
      2.7243,      0.0000,     -0.2388,
      2.7274,      0.0000,     -0.4989,
      2.7305,      0.0000,      0.0088,
      2.7336,      0.0000,     -0.0501,
      2.7366,      0.0000,      0.9197,
      2.7397,      0.0000,     -0.6142,
      2.7428,      0.0000,     -0.1749,
      2.7458,      0.0000,     -0.2176,
      2.7489,      0.0000,      0.3170,
      2.7520,      0.0000,      0.6726,
      2.7550,      0.0000,     -0.7425,
      2.7581,      0.0000,      0.0202,
      2.7612,      0.0000,     -0.3797,
      2.7642,      0.0000,      0.7166,
      2.7673,      0.0000,      0.2293,
      2.7704,      0.0000,     -0.6115,
      2.7734,      0.0000,     -0.0022,
      2.7765,      0.0000,     -0.3363,
      2.7796,      0.0000,      0.9651,
      2.7826,      0.0000,     -0.2332,
      2.7857,      0.0000,     -0.3326,
      2.7888,      0.0000,     -0.2051,
      2.7918,      0.0000,     -0.0515,
      2.7949,      0.0000,      0.9397,
      2.7980,      0.0000,     -0.5351,
      2.8010,      0.0000,     -0.0805,
      2.8041,      0.0000,     -0.4463,
      2.8072,      0.0000,      0.3822,
      2.8103,      0.0000,      0.6418,
      2.8133,      0.0000,     -0.5815,
      2.8164,      0.0000,     -0.0019,
      2.8195,      0.0000,     -0.5536,
      2.8225,      0.0000,      0.7878,
      2.8256,      0.0000,      0.1960,
      2.8287,      0.0000,     -0.4064,
      2.8317,      0.0000,     -0.1396,
      2.8348,      0.0000,     -0.4162,
      2.8379,      0.0000,      0.9905,
      2.8409,      0.0000,     -0.2105,
      2.8440,      0.0000,     -0.1510,
      2.8471,      0.0000,     -0.4104,
      2.8501,      0.0000,     -0.0452,
      2.8532,      0.0000,      0.9042,
      2.8563,      0.0000,     -0.4208,
      2.8593,      0.0000,      0.0118,
      2.8624,      0.0000,     -0.6484,
      2.8655,      0.0000,      0.4277,
      2.8685,      0.0000,      0.5743,
      2.8716,      0.0000,     -0.3843,
      2.8747,      0.0000,     -0.0316,
      2.8777,      0.0000,     -0.6917,
      2.8808,      0.0000,      0.8133,
      2.8839,      0.0000,      0.1545,
      2.8869,      0.0000,     -0.1786,
      2.8900,      0.0000,     -0.2748,
      2.8931,      0.0000,     -0.4675,
      2.8962,      0.0000,      0.9573,
      2.8992,      0.0000,     -0.1706,
      2.9023,      0.0000,      0.0348,
      2.9054,      0.0000,     -0.5944,
      2.9084,      0.0000,     -0.0331,
      2.9115,      0.0000,      0.8159,
      2.9146,      0.0000,     -0.2772,
      2.9176,      0.0000,      0.0962,
      2.9207,      0.0000,     -0.8120,
      2.9238,      0.0000,      0.4492,
      2.9268,      0.0000,      0.4756,
      2.9299,      0.0000,     -0.1624,
      2.9330,      0.0000,     -0.0667,
      2.9360,      0.0000,     -0.7866,
      2.9391,      0.0000,      0.7905,
      2.9422,      0.0000,      0.1088,
      2.9452,      0.0000,      0.0583,
      2.9483,      0.0000,     -0.3993,
      2.9514,      0.0000,     -0.4886,
      2.9544,      0.0000,      0.8673,
      2.9575,      0.0000,     -0.1147,
      2.9606,      0.0000,      0.2135,
      2.9636,      0.0000,     -0.7457,
      2.9667,      0.0000,     -0.0177,
      2.9698,      0.0000,      0.6806,
      2.9729,      0.0000,     -0.1123,
      2.9759,      0.0000,      0.1681,
      2.9790,      0.0000,     -0.9272,
      2.9821,      0.0000,      0.4437,
      2.9851,      0.0000,      0.3527,
      2.9882,      0.0000,      0.0712,
      2.9913,      0.0000,     -0.1045,
      2.9943,      0.0000,     -0.8334,
      2.9974,      0.0000,      0.7197,
      3.0005,      0.0000,      0.0627,
      3.0035,      0.0000,      0.2900,
      3.0066,      0.0000,     -0.5047,
      3.0097,      0.0000,     -0.4797,
      3.0127,      0.0000,      0.7255,
      3.0158,      0.0000,     -0.0453,
      3.0189,      0.0000,      0.3748,
      3.0219,      0.0000,     -0.8547,
      3.0250,      0.0000,     -0.0018,
      3.0281,      0.0000,      0.5070,
      3.0311,      0.0000,      0.0644,
      3.0342,      0.0000,      0.2237,
      3.0373,      0.0000,     -0.9874,
      3.0403,      0.0000,      0.4101,
      3.0434,      0.0000,      0.2138,
      3.0465,      0.0000,      0.3026,
      3.0496,      0.0000,     -0.1417,
      3.0526,      0.0000,     -0.8303,
      3.0557,      0.0000,      0.6042,
      3.0588,      0.0000,      0.0200,
      3.0618,      0.0000,      0.5027,
      3.0649,      0.0000,     -0.5836,
      3.0680,      0.0000,     -0.4430,
      3.0710,      0.0000,      0.5403,
      3.0741,      0.0000,      0.0341,
      3.0772,      0.0000,      0.5094,
      3.0802,      0.0000,     -0.9143,
      3.0833,      0.0000,      0.0119,
      3.0864,      0.0000,      0.3060,
      3.0894,      0.0000,      0.2426,
      3.0925,      0.0000,      0.2609,
      3.0956,      0.0000,     -0.9891,
      3.0986,      0.0000,      0.3487,
      3.1017,      0.0000,      0.0680,
      3.1048,      0.0000,      0.5178,
      3.1078,      0.0000,     -0.1746,
      3.1109,      0.0000,     -0.7785,
      3.1140,      0.0000,      0.4500,
      3.1170,      0.0000,     -0.0163,
      3.1201,      0.0000,      0.6841,
      3.1232,      0.0000,     -0.6301,
      3.1263,      0.0000,     -0.3821,
      3.1293,      0.0000,      0.3227,
      3.1324,      0.0000,      0.1185,
      3.1355,      0.0000,      0.6101,
      3.1385,      0.0000,     -0.9201,
      3.1416,      0.0000,      0.0209,
      3.1447,      0.0000,      0.0899,
      3.1477,      0.0000,      0.4112,
      3.1508,      0.0000,      0.2788,
      3.1539,      0.0000,     -0.9324,
      3.1569,      0.0000,      0.2620,
      3.1600,      0.0000,     -0.0758,
      3.1631,      0.0000,      0.7038,
      3.1661,      0.0000,     -0.1997,
      3.1692,      0.0000,     -0.6820,
      3.1723,      0.0000,      0.2658,
      3.1753,      0.0000,     -0.0442,
      3.1784,      0.0000,      0.8236,
      3.1815,      0.0000,     -0.6399,
      3.1845,      0.0000,     -0.3024,
      3.1876,      0.0000,      0.0856,
      3.1907,      0.0000,      0.2028,
      3.1937,      0.0000,      0.6719,
      3.1968,      0.0000,     -0.8711,
      3.1999,      0.0000,      0.0232,
      3.2029,      0.0000,     -0.1282,
      3.2060,      0.0000,      0.5596,
      3.2091,      0.0000,      0.2778,
      3.2122,      0.0000,     -0.8208,
      3.2152,      0.0000,      0.1541,
      3.2183,      0.0000,     -0.2089,
      3.2214,      0.0000,      0.8494,
      3.2244,      0.0000,     -0.2137,
      3.2275,      0.0000,     -0.5476,
      3.2306,      0.0000,      0.0621,
      3.2336,      0.0000,     -0.0624,
      3.2367,      0.0000,      0.9132,
      3.2398,      0.0000,     -0.6110,
      3.2428,      0.0000,     -0.2097,
      3.2459,      0.0000,     -0.1568,
      3.2490,      0.0000,      0.2809,
      3.2520,      0.0000,      0.6923,
      3.2551,      0.0000,     -0.7696,
      3.2582,      0.0000,      0.0175,
      3.2612,      0.0000,     -0.3354,
      3.2643,      0.0000,      0.6784,
      3.2674,      0.0000,      0.2598,
      3.2704,      0.0000,     -0.6611,
      3.2735,      0.0000,      0.0308,
      3.2766,      0.0000,     -0.3238,
      3.2796,      0.0000,      0.9454,
      3.2827,      0.0000,     -0.2139,
      3.2858,      0.0000,     -0.3841,
      3.2889,      0.0000,     -0.1491,
      3.2919,      0.0000,     -0.0706,
      3.2950,      0.0000,      0.9481,
      3.2981,      0.0000,     -0.5439,
      3.3011,      0.0000,     -0.1107,
      3.3042,      0.0000,     -0.3902,
      3.3073,      0.0000,      0.3472,
      3.3103,      0.0000,      0.6714,
      3.3134,      0.0000,     -0.6210,
      3.3165,      0.0000,      0.0034,
      3.3195,      0.0000,     -0.5195,
      3.3226,      0.0000,      0.7593,
      3.3257,      0.0000,      0.2276,
      3.3287,      0.0000,     -0.4632,
      3.3318,      0.0000,     -0.1007,
      3.3349,      0.0000,     -0.4144,
      3.3379,      0.0000,      0.9858,
      3.3410,      0.0000,     -0.1986,
      3.3441,      0.0000,     -0.2020,
      3.3471,      0.0000,     -0.3551,
      3.3502,      0.0000,     -0.0695,
      3.3533,      0.0000,      0.9268,
      3.3563,      0.0000,     -0.4412,
      3.3594,      0.0000,     -0.0119,
      3.3625,      0.0000,     -0.6006,
      3.3656,      0.0000,      0.3963,
      3.3686,      0.0000,      0.6118,
      3.3717,      0.0000,     -0.4338,
      3.3748,      0.0000,     -0.0185,
      3.3778,      0.0000,     -0.6700,
      3.3809,      0.0000,      0.7965,
      3.3840,      0.0000,      0.1850,
      3.3870,      0.0000,     -0.2390,
      3.3901,      0.0000,     -0.2326,
      3.3932,      0.0000,     -0.4763,
      3.3962,      0.0000,      0.9680,
      3.3993,      0.0000,     -0.1671,
      3.4024,      0.0000,     -0.0124,
      3.4054,      0.0000,     -0.5435,
      3.4085,      0.0000,     -0.0609,
      3.4116,      0.0000,      0.8511,
      3.4146,      0.0000,     -0.3082,
      3.4177,      0.0000,      0.0807,
      3.4208,      0.0000,     -0.7753,
      3.4238,      0.0000,      0.4237,
      3.4269,      0.0000,      0.5182,
      3.4300,      0.0000,     -0.2188,
      3.4330,      0.0000,     -0.0468,
      3.4361,      0.0000,     -0.7784,
      3.4392,      0.0000,      0.7868,
      3.4422,      0.0000,      0.1359,
      3.4453,      0.0000,     -0.0020,
      3.4484,      0.0000,     -0.3565,
      3.4515,      0.0000,     -0.5071,
      3.4545,      0.0000,      0.8926,
      3.4576,      0.0000,     -0.1200,
      3.4607,      0.0000,      0.1730,
      3.4637,      0.0000,     -0.7024,
      3.4668,      0.0000,     -0.0468,
      3.4699,      0.0000,      0.7262,
      3.4729,      0.0000,     -0.1520,
      3.4760,      0.0000,      0.1615,
      3.4791,      0.0000,     -0.9041,
      3.4821,      0.0000,      0.4261,
      3.4852,      0.0000,      0.3976,
      3.4883,      0.0000,      0.0114,
      3.4913,      0.0000,     -0.0792,
      3.4944,      0.0000,     -0.8390,
      3.4975,      0.0000,      0.7294,
      3.5005,      0.0000,      0.0845,
      3.5036,      0.0000,      0.2337,
      3.5067,      0.0000,     -0.4642,
      3.5097,      0.0000,     -0.5064,
      3.5128,      0.0000,      0.7640,
      3.5159,      0.0000,     -0.0592,
      3.5189,      0.0000,      0.3435,
      3.5220,      0.0000,     -0.8219,
      3.5251,      0.0000,     -0.0299,
      3.5282,      0.0000,      0.5600,
      3.5312,      0.0000,      0.0185,
      3.5343,      0.0000,      0.2264,
      3.5374,      0.0000,     -0.9793,
      3.5404,      0.0000,      0.4017,
      3.5435,      0.0000,      0.2581,
      3.5466,      0.0000,      0.2432,
      3.5496,      0.0000,     -0.1127,
      3.5527,      0.0000,     -0.8492,
      3.5558,      0.0000,      0.6270,
      3.5588,      0.0000,      0.0350,
      3.5619,      0.0000,      0.4539,
      3.5650,      0.0000,     -0.5483,
      3.5680,      0.0000,     -0.4759,
      3.5711,      0.0000,      0.5896,
      3.5742,      0.0000,      0.0123,
      3.5772,      0.0000,      0.4891,
      3.5803,      0.0000,     -0.8942,
      3.5834,      0.0000,     -0.0132,
      3.5864,      0.0000,      0.3630,
      3.5895,      0.0000,      0.1933,
      3.5926,      0.0000,      0.2724,
      3.5956,      0.0000,     -0.9964,
      3.5987,      0.0000,      0.3503,
      3.6018,      0.0000,      0.1087,
      3.6049,      0.0000,      0.4625,
      3.6079,      0.0000,     -0.1442,
      3.6110,      0.0000,     -0.8093,
      3.6141,      0.0000,      0.4846,
      3.6171,      0.0000,     -0.0092,
      3.6202,      0.0000,      0.6458,
      3.6233,      0.0000,     -0.6023,
      3.6263,      0.0000,     -0.4189,
      3.6294,      0.0000,      0.3797,
      3.6325,      0.0000,      0.0903,
      3.6355,      0.0000,      0.6020,
      3.6386,      0.0000,     -0.9141,
      3.6417,      0.0000,      0.0007,
      3.6447,      0.0000,      0.1472,
      3.6478,      0.0000,      0.3617,
      3.6509,      0.0000,      0.2980,
      3.6539,      0.0000,     -0.9546,
      3.6570,      0.0000,      0.2738,
      3.6601,      0.0000,     -0.0413,
      3.6631,      0.0000,      0.6562,
      3.6662,      0.0000,     -0.1700,
      3.6693,      0.0000,     -0.7227,
      3.6723,      0.0000,      0.3101,
      3.6754,      0.0000,     -0.0453,
      3.6785,      0.0000,      0.7981,
      3.6816,      0.0000,     -0.6217,
      3.6846,      0.0000,     -0.3404,
      3.6877,      0.0000,      0.1468,
      3.6908,      0.0000,      0.1700,
      3.6938,      0.0000,      0.6763,
      3.6969,      0.0000,     -0.8798,
      3.7000,      0.0000,      0.0094,
      3.7030,      0.0000,     -0.0742,
      3.7061,      0.0000,      0.5132,
      3.7092,      0.0000,      0.3033,
      3.7122,      0.0000,     -0.8565,
      3.7153,      0.0000,      0.1756,
      3.7184,      0.0000,     -0.1827,
      3.7214,      0.0000,      0.8124,
      3.7245,      0.0000,     -0.1870,
      3.7276,      0.0000,     -0.5953,
      3.7306,      0.0000,      0.1134,
      3.7337,      0.0000,     -0.0715,
      3.7368,      0.0000,      0.9021,
      3.7398,      0.0000,     -0.6039,
      3.7429,      0.0000,     -0.2464,
      3.7460,      0.0000,     -0.0954,
      3.7490,      0.0000,      0.2458,
      3.7521,      0.0000,      0.7086,
      3.7552,      0.0000,     -0.7924,
      3.7582,      0.0000,      0.0112,
      3.7613,      0.0000,     -0.2880,
      3.7644,      0.0000,      0.6380,
      3.7675,      0.0000,      0.2897,
      3.7705,      0.0000,     -0.7081,
      3.7736,      0.0000,      0.0607,
      3.7767,      0.0000,     -0.3075,
      3.7797,      0.0000,      0.9215,
      3.7828,      0.0000,     -0.1922,
      3.7859,      0.0000,     -0.4358,
      3.7889,      0.0000,     -0.0940,
      3.7920,      0.0000,     -0.0869,
      3.7951,      0.0000,      0.9519,
      3.7981,      0.0000,     -0.5485,
      3.8012,      0.0000,     -0.1435,
      3.8043,      0.0000,     -0.3324,
      3.8073,      0.0000,      0.3122,
      3.8104,      0.0000,      0.6984,
      3.8135,      0.0000,     -0.6568,
      3.8165,      0.0000,      0.0051,
      3.8196,      0.0000,     -0.4817,
      3.8227,      0.0000,      0.7278,
      3.8257,      0.0000,      0.2596,
      3.8288,      0.0000,     -0.5184,
      3.8319,      0.0000,     -0.0643,
      3.8349,      0.0000,     -0.4088,
      3.8380,      0.0000,      0.9765,
      3.8411,      0.0000,     -0.1836,
      3.8442,      0.0000,     -0.2542,
      3.8472,      0.0000,     -0.2997,
      3.8503,      0.0000,     -0.0919,
      3.8534,      0.0000,      0.9452,
      3.8564,      0.0000,     -0.4576,
      3.8595,      0.0000,     -0.0387,
      3.8626,      0.0000,     -0.5499,
      3.8656,      0.0000,      0.3639,
      3.8687,      0.0000,      0.6474,
      3.8718,      0.0000,     -0.4803,
      3.8748,      0.0000,     -0.0088,
      3.8779,      0.0000,     -0.6440,
      3.8810,      0.0000,      0.7761,
      3.8840,      0.0000,      0.2167,
      3.8871,      0.0000,     -0.2990,
      3.8902,      0.0000,     -0.1920,
      3.8932,      0.0000,     -0.4815,
      3.8963,      0.0000,      0.9740,
      3.8994,      0.0000,     -0.1601,
      3.9024,      0.0000,     -0.0619,
      3.9055,      0.0000,     -0.4913,
      3.9086,      0.0000,     -0.0874,
      3.9116,      0.0000,      0.8829,
      3.9147,      0.0000,     -0.3354,
      3.9178,      0.0000,      0.0615,
      3.9209,      0.0000,     -0.7350,
      3.9239,      0.0000,      0.3963,
      3.9270,      0.0000,      0.5601,
      3.9301,      0.0000,     -0.2731,
      3.9331,      0.0000,     -0.0299,
      3.9362,      0.0000,     -0.7657,
      3.9393,      0.0000,      0.7789,
      3.9423,      0.0000,      0.1650,
      3.9454,      0.0000,     -0.0629,
      3.9485,      0.0000,     -0.3144,
      3.9515,      0.0000,     -0.5225,
      3.9546,      0.0000,      0.9136,
      3.9577,      0.0000,     -0.1216,
      3.9607,      0.0000,      0.1295,
      3.9638,      0.0000,     -0.6569,
      3.9669,      0.0000,     -0.0756,
      3.9699,      0.0000,      0.7692,
      3.9730,      0.0000,     -0.1884,
      3.9761,      0.0000,      0.1512,
      3.9791,      0.0000,     -0.8767,
      3.9822,      0.0000,      0.4057,
      3.9853,      0.0000,      0.4428,
      3.9883,      0.0000,     -0.0474,
      3.9914,      0.0000,     -0.0562,
      3.9945,      0.0000,     -0.8404,
      3.9976,      0.0000,      0.7348,
      4.0006,      0.0000,      0.1091,
      4.0037,      0.0000,      0.1756,
      4.0068,      0.0000,     -0.4234,
      4.0098,      0.0000,     -0.5308,
      4.0129,      0.0000,      0.7987,
      4.0160,      0.0000,     -0.0695,
      4.0190,      0.0000,      0.3085,
      4.0221,      0.0000,     -0.7860,
      4.0252,      0.0000,     -0.0588,
      4.0282,      0.0000,      0.6114,
      4.0313,      0.0000,     -0.0250,
      4.0344,      0.0000,      0.2254,
      4.0374,      0.0000,     -0.9665,
      4.0405,      0.0000,      0.3899,
      4.0436,      0.0000,      0.3036,
      4.0466,      0.0000,      0.1835,
      4.0497,      0.0000,     -0.0854,
      4.0528,      0.0000,     -0.8643,
      4.0558,      0.0000,      0.6455,
      4.0589,      0.0000,      0.0533,
      4.0620,      0.0000,      0.4023,
      4.0650,      0.0000,     -0.5115,
      4.0681,      0.0000,     -0.5074,
      4.0712,      0.0000,      0.6359,
      4.0742,      0.0000,     -0.0062,
      4.0773,      0.0000,      0.4648,
      4.0804,      0.0000,     -0.8702,
      4.0835,      0.0000,     -0.0400,
      4.0865,      0.0000,      0.4195,
      4.0896,      0.0000,      0.1455,
      4.0927,      0.0000,      0.2806,
      4.0957,      0.0000,     -0.9990,
      4.0988,      0.0000,      0.3483,
      4.1019,      0.0000,      0.1516,
      4.1049,      0.0000,      0.4058,
      4.1080,      0.0000,     -0.1145,
      4.1111,      0.0000,     -0.8369,
      4.1141,      0.0000,      0.5152,
      4.1172,      0.0000,      0.0016,
      4.1203,      0.0000,      0.6039,
      4.1233,      0.0000,     -0.5722,
      4.1264,      0.0000,     -0.4552,
      4.1295,      0.0000,      0.4347,
      4.1325,      0.0000,      0.0649,
      4.1356,      0.0000,      0.5897,
      4.1387,      0.0000,     -0.9038,
      4.1417,      0.0000,     -0.0219,
      4.1448,      0.0000,      0.2053,
      4.1479,      0.0000,      0.3126,
      4.1509,      0.0000,      0.3147,
      4.1540,      0.0000,     -0.9724,
      4.1571,      0.0000,      0.2818,
      4.1602,      0.0000,     -0.0038,
      4.1632,      0.0000,      0.6061,
      4.1663,      0.0000,     -0.1401,
      4.1694,      0.0000,     -0.7609,
      4.1724,      0.0000,      0.3511,
      4.1755,      0.0000,     -0.0427,
      4.1786,      0.0000,      0.7684,
      4.1816,      0.0000,     -0.6005,
      4.1847,      0.0000,     -0.3790,
      4.1878,      0.0000,      0.2070,
      4.1908,      0.0000,      0.1393,
      4.1939,      0.0000,      0.6766,
      4.1970,      0.0000,     -0.8839,
      4.2000,      0.0000,     -0.0074,
      4.2031,      0.0000,     -0.0183,
      4.2062,      0.0000,      0.4661,
      4.2092,      0.0000,      0.3270,
      4.2123,      0.0000,     -0.8884,
      4.2154,      0.0000,      0.1933,
      4.2184,      0.0000,     -0.1529,
      4.2215,      0.0000,      0.7720,
      4.2246,      0.0000,     -0.1591,
      4.2276,      0.0000,     -0.6417,
      4.2307,      0.0000,      0.1622,
      4.2338,      0.0000,     -0.0772,
      4.2369,      0.0000,      0.8864,
      4.2399,      0.0000,     -0.5932,
      4.2430,      0.0000,     -0.2846,
      4.2461,      0.0000,     -0.0337,
      4.2491,      0.0000,      0.2119,
      4.2522,      0.0000,      0.7213,
      4.2553,      0.0000,     -0.8109,
      4.2583,      0.0000,      0.0015,
      4.2614,      0.0000,     -0.2378,
      4.2645,      0.0000,      0.5960,
      4.2675,      0.0000,      0.3185,
      4.2706,      0.0000,     -0.7520,
      4.2737,      0.0000,      0.0872,
      4.2767,      0.0000,     -0.2872,
      4.2798,      0.0000,      0.8935,
      4.2829,      0.0000,     -0.1685,
      4.2859,      0.0000,     -0.4871,
      4.2890,      0.0000,     -0.0403,
      4.2921,      0.0000,     -0.1003,
      4.2951,      0.0000,      0.9512,
      4.2982,      0.0000,     -0.5492,
      4.3013,      0.0000,     -0.1788,
      4.3043,      0.0000,     -0.2731,
      4.3074,      0.0000,      0.2775,
      4.3105,      0.0000,      0.7224,
      4.3136,      0.0000,     -0.6885,
      4.3166,      0.0000,      0.0033,
      4.3197,      0.0000,     -0.4403,
      4.3228,      0.0000,      0.6937,
      4.3258,      0.0000,      0.2915,
      4.3289,      0.0000,     -0.5716,
      4.3320,      0.0000,     -0.0307,
      4.3350,      0.0000,     -0.3992,
      4.3381,      0.0000,      0.9628,
      4.3412,      0.0000,     -0.1659,
      4.3442,      0.0000,     -0.3072,
      4.3473,      0.0000,     -0.2446,
      4.3504,      0.0000,     -0.1119,
      4.3534,      0.0000,      0.9594,
      4.3565,      0.0000,     -0.4699,
      4.3596,      0.0000,     -0.0686,
      4.3626,      0.0000,     -0.4967,
      4.3657,      0.0000,      0.3309,
      4.3688,      0.0000,      0.6810,
      4.3718,      0.0000,     -0.5234,
      4.3749,      0.0000,     -0.0027,
      4.3780,      0.0000,     -0.6138,
      4.3810,      0.0000,      0.7522,
      4.3841,      0.0000,      0.2493,
      4.3872,      0.0000,     -0.3581,
      4.3902,      0.0000,     -0.1534,
      4.3933,      0.0000,     -0.4829,
      4.3964,      0.0000,      0.9754,
      4.3995,      0.0000,     -0.1498,
      4.4025,      0.0000,     -0.1132,
      4.4056,      0.0000,     -0.4383,
      4.4087,      0.0000,     -0.1125,
      4.4117,      0.0000,      0.9110,
      4.4148,      0.0000,     -0.3587,
      4.4179,      0.0000,      0.0389,
      4.4209,      0.0000,     -0.6913,
      4.4240,      0.0000,      0.3673,
      4.4271,      0.0000,      0.6008,
      4.4301,      0.0000,     -0.3251,
      4.4332,      0.0000,     -0.0161,
      4.4363,      0.0000,     -0.7486,
      4.4393,      0.0000,      0.7670,
      4.4424,      0.0000,      0.1960,
      4.4455,      0.0000,     -0.1242,
      4.4485,      0.0000,     -0.2732,
      4.4516,      0.0000,     -0.5346,
      4.4547,      0.0000,      0.9301,
      4.4577,      0.0000,     -0.1197,
      4.4608,      0.0000,      0.0832,
      4.4639,      0.0000,     -0.6094,
      4.4669,      0.0000,     -0.1038,
      4.4700,      0.0000,      0.8093,
      4.4731,      0.0000,     -0.2215,
      4.4762,      0.0000,      0.1372,
      4.4792,      0.0000,     -0.8452,
      4.4823,      0.0000,      0.3829,
      4.4854,      0.0000,      0.4880,
      4.4884,      0.0000,     -0.1049,
      4.4915,      0.0000,     -0.0359,
      4.4946,      0.0000,     -0.8373,
      4.4976,      0.0000,      0.7360,
      4.5007,      0.0000,      0.1363,
      4.5038,      0.0000,      0.1160,
      4.5068,      0.0000,     -0.3825,
      4.5099,      0.0000,     -0.5525,
      4.5130,      0.0000,      0.8294,
      4.5160,      0.0000,     -0.0762,
      4.5191,      0.0000,      0.2700,
      4.5222,      0.0000,     -0.7471,
      4.5252,      0.0000,     -0.0880,
      4.5283,      0.0000,      0.6610,
      4.5314,      0.0000,     -0.0658,
      4.5344,      0.0000,      0.2208,
      4.5375,      0.0000,     -0.9492,
      4.5406,      0.0000,      0.3751,
      4.5436,      0.0000,      0.3502,
      4.5467,      0.0000,      0.1241,
      4.5498,      0.0000,     -0.0599,
      4.5529,      0.0000,     -0.8752,
      4.5559,      0.0000,      0.6597,
      4.5590,      0.0000,      0.0747,
      4.5621,      0.0000,      0.3481,
      4.5651,      0.0000,     -0.4737,
      4.5682,      0.0000,     -0.5371,
      4.5713,      0.0000,      0.6788,
      4.5743,      0.0000,     -0.0211,
      4.5774,      0.0000,      0.4365,
      4.5805,      0.0000,     -0.8426,
      4.5835,      0.0000,     -0.0680,
      4.5866,      0.0000,      0.4753,
      4.5897,      0.0000,      0.0994,
      4.5927,      0.0000,      0.2854,
      4.5958,      0.0000,     -0.9970,
      4.5989,      0.0000,      0.3426,
      4.6019,      0.0000,      0.1964,
      4.6050,      0.0000,      0.3482,
      4.6081,      0.0000,     -0.0858,
      4.6111,      0.0000,     -0.8610,
      4.6142,      0.0000,      0.5419,
      4.6173,      0.0000,      0.0159,
      4.6203,      0.0000,      0.5585,
      4.6234,      0.0000,     -0.5402,
      4.6265,      0.0000,     -0.4908,
      4.6296,      0.0000,      0.4872,
      4.6326,      0.0000,      0.0425,
      4.6357,      0.0000,      0.5733,
      4.6388,      0.0000,     -0.8892,
      4.6418,      0.0000,     -0.0467,
      4.6449,      0.0000,      0.2637,
      4.6480,      0.0000,      0.2643,
      4.6510,      0.0000,      0.3284,
      4.6541,      0.0000,     -0.9858,
      4.6572,      0.0000,      0.2860,
      4.6602,      0.0000,      0.0366,
      4.6633,      0.0000,      0.5539,
      4.6664,      0.0000,     -0.1103,
      4.6694,      0.0000,     -0.7965,
      4.6725,      0.0000,      0.3886,
      4.6756,      0.0000,     -0.0365,
      4.6786,      0.0000,      0.7347,
      4.6817,      0.0000,     -0.5764,
      4.6848,      0.0000,     -0.4178,
      4.6878,      0.0000,      0.2658,
      4.6909,      0.0000,      0.1110,
      4.6940,      0.0000,      0.6728,
      4.6970,      0.0000,     -0.8835,
      4.7001,      0.0000,     -0.0270,
      4.7032,      0.0000,      0.0390,
      4.7062,      0.0000,      0.4186,
      4.7093,      0.0000,      0.3485,
      4.7124,      0.0000,     -0.9163,
      4.7155,      0.0000,      0.2073,
      4.7185,      0.0000,     -0.1197,
      4.7216,      0.0000,      0.7287,
      4.7247,      0.0000,     -0.1304,
      4.7277,      0.0000,     -0.6863,
      4.7308,      0.0000,      0.2084,
      4.7339,      0.0000,     -0.0794,
      4.7369,      0.0000,      0.8663,
      4.7400,      0.0000,     -0.5789,
      4.7431,      0.0000,     -0.3240,
      4.7461,      0.0000,      0.0278,
      4.7492,      0.0000,      0.1796,
      4.7523,      0.0000,      0.7302,
      4.7553,      0.0000,     -0.8249,
      4.7584,      0.0000,     -0.0115,
      4.7615,      0.0000,     -0.1851,
      4.7645,      0.0000,      0.5526,
      4.7676,      0.0000,      0.3461,
      4.7707,      0.0000,     -0.7927,
      4.7737,      0.0000,      0.1102,
      4.7768,      0.0000,     -0.2631,
      4.7799,      0.0000,      0.8617,
      4.7829,      0.0000,     -0.1431,
      4.7860,      0.0000,     -0.5378,
      4.7891,      0.0000,      0.0116,
      4.7922,      0.0000,     -0.1106,
      4.7952,      0.0000,      0.9460,
      4.7983,      0.0000,     -0.5459,
      4.8014,      0.0000,     -0.2161,
      4.8044,      0.0000,     -0.2127,
      4.8075,      0.0000,      0.2435,
      4.8106,      0.0000,      0.7431,
      4.8136,      0.0000,     -0.7162,
      4.8167,      0.0000,     -0.0021,
      4.8198,      0.0000,     -0.3955,
      4.8228,      0.0000,      0.6572,
      4.8259,      0.0000,      0.3230,
      4.8290,      0.0000,     -0.6225,
      4.8320,      0.0000,      0.0000,
      4.8351,      0.0000,     -0.3855,
      4.8382,      0.0000,      0.9447,
      4.8412,      0.0000,     -0.1457,
      4.8443,      0.0000,     -0.3607,
      4.8474,      0.0000,     -0.1902,
      4.8504,      0.0000,     -0.1294,
      4.8535,      0.0000,      0.9692,
      4.8566,      0.0000,     -0.4781,
      4.8596,      0.0000,     -0.1013,
      4.8627,      0.0000,     -0.4414,
      4.8658,      0.0000,      0.2975,
      4.8689,      0.0000,      0.7121,
      4.8719,      0.0000,     -0.5631,
      4.8750,      0.0000,     -0.0001,
      4.8781,      0.0000,     -0.5797,
      4.8811,      0.0000,      0.7252,
      4.8842,      0.0000,      0.2825,
      4.8873,      0.0000,     -0.4159,
      4.8903,      0.0000,     -0.1169,
      4.8934,      0.0000,     -0.4805,
      4.8965,      0.0000,      0.9722,
      4.8995,      0.0000,     -0.1364,
      4.9026,      0.0000,     -0.1660,
      4.9057,      0.0000,     -0.3848,
      4.9087,      0.0000,     -0.1359,
      4.9118,      0.0000,      0.9351,
      4.9149,      0.0000,     -0.3781,
      4.9179,      0.0000,      0.0128,
      4.9210,      0.0000,     -0.6445,
      4.9241,      0.0000,      0.3370,
      4.9271,      0.0000,      0.6401,
      4.9302,      0.0000,     -0.3743,
      4.9333,      0.0000,     -0.0057,
      4.9363,      0.0000,     -0.7272,
      4.9394,      0.0000,      0.7514,
      4.9425,      0.0000,      0.2285,
      4.9455,      0.0000,     -0.1854,
      4.9486,      0.0000,     -0.2334,
      4.9517,      0.0000,     -0.5433,
      4.9548,      0.0000,      0.9421,
      4.9578,      0.0000,     -0.1142,
      4.9609,      0.0000,      0.0343,
      4.9640,      0.0000,     -0.5603,
      4.9670,      0.0000,     -0.1312,
      4.9701,      0.0000,      0.8462,
      4.9732,      0.0000,     -0.2510,
      4.9762,      0.0000,      0.1194,
      4.9793,      0.0000,     -0.8098,
      4.9824,      0.0000,      0.3579,
      4.9854,      0.0000,      0.5327,
      4.9885,      0.0000,     -0.1607,
      4.9916,      0.0000,     -0.0184,
      4.9946,      0.0000,     -0.8298,
      4.9977,      0.0000,      0.7329,
      5.0008,      0.0000,      0.1657,
      5.0038,      0.0000,      0.0553,
      5.0069,      0.0000,     -0.3420,
      5.0100,      0.0000,     -0.5714,
      5.0130,      0.0000,      0.8558,
      5.0161,      0.0000,     -0.0792,
      5.0192,      0.0000,      0.2282,
      5.0222,      0.0000,     -0.7056,
      5.0253,      0.0000,     -0.1173,
      5.0284,      0.0000,      0.7082,
      5.0315,      0.0000,     -0.1037,
      5.0345,      0.0000,      0.2123,
      5.0376,      0.0000,     -0.9274,
      5.0407,      0.0000,      0.3573,
      5.0437,      0.0000,      0.3973,
      5.0468,      0.0000,      0.0652,
      5.0499,      0.0000,     -0.0367,
      5.0529,      0.0000,     -0.8819,
      5.0560,      0.0000,      0.6697,
      5.0591,      0.0000,      0.0991,
      5.0621,      0.0000,      0.2918,
      5.0652,      0.0000,     -0.4353,
      5.0683,      0.0000,     -0.5648,
      5.0713,      0.0000,      0.7182,
      5.0744,      0.0000,     -0.0326,
      5.0775,      0.0000,      0.4043,
      5.0805,      0.0000,     -0.8115,
      5.0836,      0.0000,     -0.0970,
      5.0867,      0.0000,      0.5298,
      5.0897,      0.0000,      0.0555,
      5.0928,      0.0000,      0.2866,
      5.0959,      0.0000,     -0.9903,
      5.0989,      0.0000,      0.3335,
      5.1020,      0.0000,      0.2430,
      5.1051,      0.0000,      0.2900,
      5.1082,      0.0000,     -0.0585,
      5.1112,      0.0000,     -0.8814,
      5.1143,      0.0000,      0.5645,
      5.1174,      0.0000,      0.0335,
      5.1204,      0.0000,      0.5100,
      5.1235,      0.0000,     -0.5064,
      5.1266,      0.0000,     -0.5252,
      5.1296,      0.0000,      0.5371,
      5.1327,      0.0000,      0.0234,
      5.1358,      0.0000,      0.5526,
      5.1388,      0.0000,     -0.8706,
      5.1419,      0.0000,     -0.0733,
      5.1450,      0.0000,      0.3220,
      5.1480,      0.0000,      0.2172,
      5.1511,      0.0000,      0.3390,
      5.1542,      0.0000,     -0.9945,
      5.1572,      0.0000,      0.2864,
      5.1603,      0.0000,      0.0794,
      5.1634,      0.0000,      0.5000,
      5.1664,      0.0000,     -0.0810,
      5.1695,      0.0000,     -0.8290,
      5.1726,      0.0000,      0.4225,
      5.1756,      0.0000,     -0.0267,
      5.1787,      0.0000,      0.6970,
      5.1818,      0.0000,     -0.5498,
      5.1849,      0.0000,     -0.4565,
      5.1879,      0.0000,      0.3231,
      5.1910,      0.0000,      0.0853,
      5.1941,      0.0000,      0.6648,
      5.1971,      0.0000,     -0.8788,
      5.2002,      0.0000,     -0.0492,
      5.2033,      0.0000,      0.0975,
      5.2063,      0.0000,      0.3713,
      5.2094,      0.0000,      0.3674,
      5.2125,      0.0000,     -0.9399,
      5.2155,      0.0000,      0.2174,
      5.2186,      0.0000,     -0.0832,
      5.2217,      0.0000,      0.6825,
      5.2247,      0.0000,     -0.1012,
      5.2278,      0.0000,     -0.7288,
      5.2309,      0.0000,      0.2516,
      5.2339,      0.0000,     -0.0780,
      5.2370,      0.0000,      0.8418,
      5.2401,      0.0000,     -0.5614,
      5.2431,      0.0000,     -0.3642,
      5.2462,      0.0000,      0.0888,
      5.2493,      0.0000,      0.1492,
      5.2523,      0.0000,      0.7351,
      5.2554,      0.0000,     -0.8344,
      5.2585,      0.0000,     -0.0276,
      5.2615,      0.0000,     -0.1302,
      5.2646,      0.0000,      0.5082,
      5.2677,      0.0000,      0.3719,
      5.2708,      0.0000,     -0.8298,
      5.2738,      0.0000,      0.1296,
      5.2769,      0.0000,     -0.2352,
      5.2800,      0.0000,      0.8263,
      5.2830,      0.0000,     -0.1162,
      5.2861,      0.0000,     -0.5875,
      5.2892,      0.0000,      0.0615,
      5.2922,      0.0000,     -0.1176,
      5.2953,      0.0000,      0.9361,
      5.2984,      0.0000,     -0.5389,
      5.3014,      0.0000,     -0.2552,
      5.3045,      0.0000,     -0.1517,
      5.3076,      0.0000,      0.2104,
      5.3106,      0.0000,      0.7604,
      5.3137,      0.0000,     -0.7395,
      5.3168,      0.0000,     -0.0110,
      5.3198,      0.0000,     -0.3475,
      5.3229,      0.0000,      0.6187,
      5.3260,      0.0000,      0.3538,
      5.3290,      0.0000,     -0.6706,
      5.3321,      0.0000,      0.0276,
      5.3352,      0.0000,     -0.3679,
      5.3382,      0.0000,      0.9223,
      5.3413,      0.0000,     -0.1233,
      5.3444,      0.0000,     -0.4143,
      5.3475,      0.0000,     -0.1368,
      5.3505,      0.0000,     -0.1441,
      5.3536,      0.0000,      0.9745,
      5.3567,      0.0000,     -0.4823,
      5.3597,      0.0000,     -0.1367,
      5.3628,      0.0000,     -0.3843,
      5.3659,      0.0000,      0.2642,
      5.3689,      0.0000,      0.7404,
      5.3720,      0.0000,     -0.5990,
      5.3751,      0.0000,     -0.0011,
      5.3781,      0.0000,     -0.5417,
      5.3812,      0.0000,      0.6953,
      5.3843,      0.0000,      0.3159,
      5.3873,      0.0000,     -0.4721,
      5.3904,      0.0000,     -0.0830,
      5.3935,      0.0000,     -0.4741,
      5.3965,      0.0000,      0.9644,
      5.3996,      0.0000,     -0.1201,
      5.4027,      0.0000,     -0.2200,
      5.4057,      0.0000,     -0.3312,
      5.4088,      0.0000,     -0.1571,
      5.4119,      0.0000,      0.9552,
      5.4149,      0.0000,     -0.3935,
      5.4180,      0.0000,     -0.0165,
      5.4211,      0.0000,     -0.5948,
      5.4242,      0.0000,      0.3058,
      5.4272,      0.0000,      0.6775,
      5.4303,      0.0000,     -0.4205,
      5.4334,      0.0000,      0.0013,
      5.4364,      0.0000,     -0.7015,
      5.4395,      0.0000,      0.7321,
      5.4426,      0.0000,      0.2621,
      5.4456,      0.0000,     -0.2460,
      5.4487,      0.0000,     -0.1953,
      5.4518,      0.0000,     -0.5482,
      5.4548,      0.0000,      0.9494,
      5.4579,      0.0000,     -0.1054,
      5.4610,      0.0000,     -0.0167,
      5.4640,      0.0000,     -0.5100,
      5.4671,      0.0000,     -0.1573,
      5.4702,      0.0000,      0.8797,
      5.4732,      0.0000,     -0.2768,
      5.4763,      0.0000,      0.0980,
      5.4794,      0.0000,     -0.7707,
      5.4824,      0.0000,      0.3311,
      5.4855,      0.0000,      0.5766,
      5.4886,      0.0000,     -0.2144,
      5.4916,      0.0000,     -0.0040,
      5.4947,      0.0000,     -0.8178,
      5.4978,      0.0000,      0.7258,
      5.5009,      0.0000,      0.1972,
      5.5039,      0.0000,     -0.0060,
      5.5070,      0.0000,     -0.3022,
      5.5101,      0.0000,     -0.5872,
      5.5131,      0.0000,      0.8779,
      5.5162,      0.0000,     -0.0786,
      5.5193,      0.0000,      0.1834,
      5.5223,      0.0000,     -0.6619,
      5.5254,      0.0000,     -0.1463,
      5.5285,      0.0000,      0.7529,
      5.5315,      0.0000,     -0.1384,
      5.5346,      0.0000,      0.2001,
      5.5377,      0.0000,     -0.9014,
      5.5407,      0.0000,      0.3370,
      5.5438,      0.0000,      0.4447,
      5.5469,      0.0000,      0.0073,
      5.5499,      0.0000,     -0.0159,
      5.5530,      0.0000,     -0.8843,
      5.5561,      0.0000,      0.6754,
      5.5591,      0.0000,      0.1262,
      5.5622,      0.0000,      0.2336,
      5.5653,      0.0000,     -0.3965,
      5.5683,      0.0000,     -0.5900,
      5.5714,      0.0000,      0.7537,
      5.5745,      0.0000,     -0.0404,
      5.5775,      0.0000,      0.3684,
      5.5806,      0.0000,     -0.7772,
      5.5837,      0.0000,     -0.1267,
      5.5868,      0.0000,      0.5828,
      5.5898,      0.0000,      0.0141,
      5.5929,      0.0000,      0.2842,
      5.5960,      0.0000,     -0.9790,
      5.5990,      0.0000,      0.3212,
      5.6021,      0.0000,      0.2908,
      5.6052,      0.0000,      0.2315,
      5.6082,      0.0000,     -0.0328,
      5.6113,      0.0000,     -0.8977,
      5.6144,      0.0000,      0.5828,
      5.6174,      0.0000,      0.0545,
      5.6205,      0.0000,      0.4586,
      5.6236,      0.0000,     -0.4713,
      5.6266,      0.0000,     -0.5580,
      5.6297,      0.0000,      0.5839,
      5.6328,      0.0000,      0.0076,
      5.6358,      0.0000,      0.5277,
      5.6389,      0.0000,     -0.8482,
      5.6420,      0.0000,     -0.1014,
      5.6450,      0.0000,      0.3800,
      5.6481,      0.0000,      0.1715,
      5.6512,      0.0000,      0.3462,
      5.6542,      0.0000,     -0.9987,
      5.6573,      0.0000,      0.2832,
      5.6604,      0.0000,      0.1245,
      5.6635,      0.0000,      0.4447,
      5.6665,      0.0000,     -0.0524,
      5.6696,      0.0000,     -0.8582,
      5.6727,      0.0000,      0.4526,
      5.6757,      0.0000,     -0.0133,
      5.6788,      0.0000,      0.6556,
      5.6819,      0.0000,     -0.5210,
      5.6849,      0.0000,     -0.4946,
      5.6880,      0.0000,      0.3782,
      5.6911,      0.0000,      0.0626,
      5.6941,      0.0000,      0.6524,
      5.6972,      0.0000,     -0.8697,
      5.7003,      0.0000,     -0.0737,
      5.7033,      0.0000,      0.1568,
      5.7064,      0.0000,      0.3245,
      5.7095,      0.0000,      0.3836,
      5.7125,      0.0000,     -0.9592,
      5.7156,      0.0000,      0.2238,
      5.7187,      0.0000,     -0.0437,
      5.7217,      0.0000,      0.6340,
      5.7248,      0.0000,     -0.0719,
      5.7279,      0.0000,     -0.7688,
      5.7309,      0.0000,      0.2916,
      5.7340,      0.0000,     -0.0730,
      5.7371,      0.0000,      0.8130,
      5.7402,      0.0000,     -0.5409,
      5.7432,      0.0000,     -0.4050,
      5.7463,      0.0000,      0.1489,
      5.7494,      0.0000,      0.1210,
      5.7524,      0.0000,      0.7359,
      5.7555,      0.0000,     -0.8395,
      5.7586,      0.0000,     -0.0467,
      5.7616,      0.0000,     -0.0734,
      5.7647,      0.0000,      0.4632,
      5.7678,      0.0000,      0.3957,
      5.7708,      0.0000,     -0.8630,
      5.7739,      0.0000,      0.1454,
      5.7770,      0.0000,     -0.2038,
      5.7800,      0.0000,      0.7876,
      5.7831,      0.0000,     -0.0884,
      5.7862,      0.0000,     -0.6357,
      5.7892,      0.0000,      0.1090,
      5.7923,      0.0000,     -0.1212,
      5.7954,      0.0000,      0.9216,
      5.7984,      0.0000,     -0.5284,
      5.8015,      0.0000,     -0.2957,
      5.8046,      0.0000,     -0.0905,
      5.8076,      0.0000,      0.1788,
      5.8107,      0.0000,      0.7740,
      5.8138,      0.0000,     -0.7586,
      5.8169,      0.0000,     -0.0233,
      5.8199,      0.0000,     -0.2968,
      5.8230,      0.0000,      0.5786,
      5.8261,      0.0000,      0.3834,
      5.8291,      0.0000,     -0.7158,
      5.8322,      0.0000,      0.0518,
      5.8353,      0.0000,     -0.3464,
      5.8383,      0.0000,      0.8960,
      5.8414,      0.0000,     -0.0989,
      5.8445,      0.0000,     -0.4675,
      5.8475,      0.0000,     -0.0847,
      5.8506,      0.0000,     -0.1559,
      5.8537,      0.0000,      0.9752,
      5.8567,      0.0000,     -0.4826,
      5.8598,      0.0000,     -0.1744,
      5.8629,      0.0000,     -0.3257,
      5.8659,      0.0000,      0.2313,
      5.8690,      0.0000,      0.7658,
      5.8721,      0.0000,     -0.6309,
      5.8751,      0.0000,     -0.0056,
      5.8782,      0.0000,     -0.5001,
      5.8813,      0.0000,      0.6628,
      5.8843,      0.0000,      0.3491,
      5.8874,      0.0000,     -0.5263,
      5.8905,      0.0000,     -0.0518,
      5.8935,      0.0000,     -0.4636,
      5.8966,      0.0000,      0.9521,
      5.8997,      0.0000,     -0.1012,
      5.9028,      0.0000,     -0.2749,
      5.9058,      0.0000,     -0.2780,
      5.9089,      0.0000,     -0.1760,
      5.9120,      0.0000,      0.9709,
      5.9150,      0.0000,     -0.4049,
      5.9181,      0.0000,     -0.0488,
      5.9212,      0.0000,     -0.5426,
      5.9242,      0.0000,      0.2740,
      5.9273,      0.0000,      0.7128,
      5.9304,      0.0000,     -0.4635,
      5.9334,      0.0000,      0.0047,
      5.9365,      0.0000,     -0.6716,
      5.9396,      0.0000,      0.7095,
      5.9426,      0.0000,      0.2965,
      5.9457,      0.0000,     -0.3058,
      5.9488,      0.0000,     -0.1591,
      5.9518,      0.0000,     -0.5493,
      5.9549,      0.0000,      0.9522,
      5.9580,      0.0000,     -0.0933,
      5.9610,      0.0000,     -0.0697,
      5.9641,      0.0000,     -0.4589,
      5.9672,      0.0000,     -0.1818,
      5.9702,      0.0000,      0.9094,
      5.9733,      0.0000,     -0.2988,
      5.9764,      0.0000,      0.0730,
      5.9795,      0.0000,     -0.7282,
      5.9825,      0.0000,      0.3028,
      5.9856,      0.0000,      0.6193,
      5.9887,      0.0000,     -0.2658,
      5.9917,      0.0000,      0.0072,
      5.9948,      0.0000,     -0.8013,
      5.9979,      0.0000,      0.7148,
      6.0009,      0.0000,      0.2304,
      6.0040,      0.0000,     -0.0677,
      6.0071,      0.0000,     -0.2634,
      6.0101,      0.0000,     -0.5995,
      6.0132,      0.0000,      0.8956,
      6.0163,      0.0000,     -0.0745,
      6.0193,      0.0000,      0.1357,
      6.0224,      0.0000,     -0.6164,
      6.0255,      0.0000,     -0.1746,
      6.0285,      0.0000,      0.7946,
      6.0316,      0.0000,     -0.1697,
      6.0347,      0.0000,      0.1840,
      6.0377,      0.0000,     -0.8713,
      6.0408,      0.0000,      0.3142,
      6.0439,      0.0000,      0.4920,
      6.0469,      0.0000,     -0.0493,
      6.0500,      0.0000,      0.0022,
      6.0531,      0.0000,     -0.8822,
      6.0562,      0.0000,      0.6769,
      6.0592,      0.0000,      0.1559,
      6.0623,      0.0000,      0.1740,
      6.0654,      0.0000,     -0.3577,
      6.0684,      0.0000,     -0.6126,
      6.0715,      0.0000,      0.7853,
      6.0746,      0.0000,     -0.0446,
      6.0776,      0.0000,      0.3289,
      6.0807,      0.0000,     -0.7402,
      6.0838,      0.0000,     -0.1566,
      6.0868,      0.0000,      0.6339,
      6.0899,      0.0000,     -0.0248,
      6.0930,      0.0000,      0.2779,
      6.0960,      0.0000,     -0.9631,
      6.0991,      0.0000,      0.3059,
      6.1022,      0.0000,      0.3395,
      6.1052,      0.0000,      0.1733,
      6.1083,      0.0000,     -0.0092,
      6.1114,      0.0000,     -0.9100,
      6.1144,      0.0000,      0.5970,
      6.1175,      0.0000,      0.0785,
      6.1206,      0.0000,      0.4047,
      6.1236,      0.0000,     -0.4353,
      6.1267,      0.0000,     -0.5890,
      6.1298,      0.0000,      0.6274,
      6.1329,      0.0000,     -0.0048,
      6.1359,      0.0000,      0.4989,
      6.1390,      0.0000,     -0.8222,
      6.1421,      0.0000,     -0.1307,
      6.1451,      0.0000,      0.4372,
      6.1482,      0.0000,      0.1277,
      6.1513,      0.0000,      0.3499,
      6.1543,      0.0000,     -0.9981,
      6.1574,      0.0000,      0.2765,
      6.1605,      0.0000,      0.1716,
      6.1635,      0.0000,      0.3885,
      6.1666,      0.0000,     -0.0251,
      6.1697,      0.0000,     -0.8839,
      6.1727,      0.0000,      0.4787,
      6.1758,      0.0000,      0.0036,
      6.1789,      0.0000,      0.6108,
      6.1819,      0.0000,     -0.4902,
      6.1850,      0.0000,     -0.5319,
      6.1881,      0.0000,      0.4310,
      6.1911,      0.0000,      0.0429,
      6.1942,      0.0000,      0.6358,
      6.1973,      0.0000,     -0.8565,
      6.2003,      0.0000,     -0.1002,
      6.2034,      0.0000,      0.2163,
      6.2065,      0.0000,      0.2784,
      6.2095,      0.0000,      0.3968,
      6.2126,      0.0000,     -0.9741,
      6.2157,      0.0000,      0.2264,
      6.2188,      0.0000,     -0.0014,
      6.2218,      0.0000,      0.5834,
      6.2249,      0.0000,     -0.0428,
      6.2280,      0.0000,     -0.8061,
      6.2310,      0.0000,      0.3282,
      6.2341,      0.0000,     -0.0643,
      6.2372,      0.0000,      0.7801,
      6.2402,      0.0000,     -0.5177,
      6.2433,      0.0000,     -0.4459,
      6.2464,      0.0000,      0.2077,
      6.2494,      0.0000,      0.0953,
      6.2525,      0.0000,      0.7324,
      6.2556,      0.0000,     -0.8402,
      6.2586,      0.0000,     -0.0685,
      6.2617,      0.0000,     -0.0152,
      6.2648,      0.0000,      0.4179,
      6.2678,      0.0000,      0.4173,
      6.2709,      0.0000,     -0.8923,
      6.2740,      0.0000,      0.1573,
      6.2770,      0.0000,     -0.1688,
      6.2801,      0.0000,      0.7459,
