Frequency  Magnitude
      0.0000 6.31638e-05
      0.1592   3.377e-05
      0.3185  5.3871e-06
      0.4777 1.16698e-05
      0.6369 2.39313e-05
      0.7962 2.76959e-05
      0.9554   6.244e-05
      1.1146  5.6988e-05
      1.2739 4.60867e-05
      1.4331 1.76256e-05
      1.5923  4.7998e-05
      1.7516 1.36315e-05
      1.9108 2.38701e-05
      2.0700  1.6949e-05
      2.2293 3.74667e-05
      2.3885 5.38205e-05
      2.5477 4.85289e-05
      2.7070 3.28926e-05
      2.8662 7.64658e-06
      3.0254 3.37174e-05
      3.1847 2.84992e-05
      3.3439 9.89595e-06
      3.5031 1.78846e-05
      3.6624 5.83248e-06
      3.8216 3.96061e-05
      3.9808 6.12517e-05
      4.1401  6.8814e-05
      4.2993 5.43535e-05
      4.4585  3.4233e-05
      4.6178 4.89474e-05
      4.7770 4.42173e-05
      4.9362 2.46894e-05
      5.0955 2.08799e-05
      5.2547 2.42161e-05
      5.4139 1.41717e-05
      5.5732  1.0385e-05
      5.7324 2.51902e-05
      5.8916 2.85256e-05
      6.0509 2.29339e-05
      6.2101 4.70241e-06
      6.3693 1.98333e-05
      6.5286 1.98342e-05
      6.6878 3.98263e-05
      6.8470 6.34576e-05
      7.0063 5.06093e-05
      7.1655 2.31432e-05
      7.3247 3.35363e-05
      7.4840 4.35232e-05
      7.6432 3.66123e-05
      7.8024 4.28075e-05
      7.9617 3.53277e-05
      8.1209 1.54803e-05
      8.2801 2.38412e-05
      8.4394 1.38397e-05
      8.5986 1.67562e-05
      8.7578 1.93319e-05
      8.9171 4.13726e-05
      9.0763  2.8042e-05
      9.2355 1.72204e-05
      9.3948 1.76585e-05
      9.5540  3.8629e-06
      9.7132 1.91159e-05
      9.8725 1.29552e-05
     10.0317 2.64994e-05
     10.1909 1.29419e-05
     10.3502 3.55607e-05
     10.5094 4.58924e-05
     10.6686 2.89119e-05
     10.8279 1.29154e-05
     10.9871 3.70675e-05
     11.1463 4.35323e-05
     11.3056 2.05247e-05
     11.4648 2.28822e-05
     11.6240 1.83022e-05
     11.7833 3.00859e-05
     11.9425 3.91882e-05
     12.1017 2.43041e-05
     12.2610 2.04734e-05
     12.4202 1.76175e-05
     12.5794 3.30786e-05
     12.7387 4.67272e-05
     12.8979 3.73629e-05
     13.0571 4.01053e-05
     13.2164 6.59544e-05
     13.3756 6.69167e-05
     13.5348 1.33929e-05
     13.6940 4.90943e-05
     13.8533 4.61981e-05
     14.0125 2.58962e-05
     14.1717 3.38544e-05
     14.3310 3.87556e-05
     14.4902 1.24566e-05
     14.6494 4.41164e-05
     14.8087 5.73733e-05
     14.9679 2.27011e-05
     15.1271 3.18769e-05
     15.2864 3.72117e-05
     15.4456  1.9856e-05
     15.6048 4.79506e-05
     15.7641 5.72696e-05
     15.9233 3.57162e-05
     16.0825  2.0968e-05
     16.2418 2.36104e-05
     16.4010 3.74146e-05
     16.5602 3.02826e-05
     16.7195 3.22587e-05
     16.8787 4.77058e-05
     17.0379 4.93414e-05
     17.1972 2.80363e-05
     17.3564 1.53914e-05
     17.5156 1.32912e-05
     17.6749 8.66077e-06
     17.8341  3.5505e-05
     17.9933 3.21126e-05
     18.1526 1.58303e-05
     18.3118 3.74441e-05
     18.4710 5.53004e-05
     18.6303 1.34315e-05
     18.7895 3.27548e-05
     18.9487 7.03375e-05
     19.1080 8.24431e-05
     19.2672 6.58539e-05
     19.4264 2.55806e-05
     19.5857 1.26146e-06
     19.7449 1.32657e-05
     19.9041 2.97088e-05
     20.0634  4.1861e-06
     20.2226 2.20592e-05
     20.3818 1.72282e-05
     20.5411 3.13433e-05
     20.7003 2.71896e-05
     20.8595 3.39985e-05
     21.0188 2.53464e-05
     21.1780 2.30199e-05
     21.3372 4.58164e-06
     21.4965 9.39099e-06
     21.6557  5.6675e-06
     21.8149 1.13124e-05
     21.9742 4.42846e-05
     22.1334 5.84938e-05
     22.2926 3.63479e-05
     22.4519 2.80917e-05
     22.6111 3.26219e-05
     22.7703 1.20696e-05
     22.9296 1.33759e-05
     23.0888 2.73536e-05
     23.2480 2.28163e-05
     23.4073  7.3527e-06
     23.5665 3.66783e-05
     23.7257 4.07513e-05
     23.8850 1.85093e-05
     24.0442 3.53642e-05
     24.2034 9.45153e-06
     24.3627 3.15806e-05
     24.5219 3.66634e-05
     24.6811 3.88669e-05
     24.8404 5.51496e-05
     24.9996 4.10108e-05
     25.1588 2.55229e-05
     25.3181  2.1943e-05
     25.4773 7.67584e-06
     25.6365 4.27661e-05
     25.7958 5.19453e-05
     25.9550 3.54899e-05
     26.1142 2.20944e-05
     26.2735 2.96874e-05
     26.4327 2.96343e-05
     26.5919 5.07158e-05
     26.7512 3.45639e-05
     26.9104 1.40102e-05
     27.0696 2.60647e-05
     27.2289 1.66966e-05
     27.3881 4.03552e-05
     27.5473 7.91477e-05
     27.7066 6.00316e-05
     27.8658 2.25773e-05
     28.0250 1.44054e-05
     28.1843 2.78593e-05
     28.3435 3.98765e-05
     28.5027 1.78975e-05
     28.6620 6.31334e-05
     28.8212  6.6356e-05
     28.9804 4.63535e-05
     29.1397  1.9822e-05
     29.2989 4.00872e-05
     29.4581 3.23911e-05
     29.6174 2.75824e-05
     29.7766 2.99974e-05
     29.9358 4.42726e-05
     30.0951  3.8716e-05
     30.2543 2.05062e-05
     30.4135 9.23367e-06
     30.5728 4.18649e-05
     30.7320 3.86929e-05
     30.8912 8.55457e-06
     31.0505 1.61625e-05
     31.2097  2.4706e-05
     31.3689 4.18019e-05
     31.5282 4.30585e-05
     31.6874  1.1959e-05
     31.8466 3.86556e-05
     32.0059 2.97524e-05
     32.1651 1.24495e-05
     32.3243 9.49816e-06
     32.4836 4.35382e-05
     32.6428 3.77501e-05
     32.8020 3.39155e-05
     32.9613 5.32594e-05
     33.1205 4.82511e-05
     33.2797 1.85245e-05
     33.4390 1.38868e-05
     33.5982 4.53163e-05
     33.7574 5.56588e-05
     33.9167 5.27142e-05
     34.0759 5.95923e-05
     34.2351 4.54154e-05
     34.3944  3.8633e-05
     34.5536 4.78692e-05
     34.7128 4.05604e-05
     34.8721 1.17833e-05
     35.0313 3.24007e-05
     35.1905  3.8624e-05
     35.3498 5.59505e-05
     35.5090 5.27037e-05
     35.6682 3.22638e-05
     35.8275 1.46074e-05
     35.9867 2.02501e-05
     36.1459 1.30131e-05
     36.3052   2.465e-05
     36.4644  5.4889e-06
     36.6236 4.56004e-05
     36.7829 3.54934e-05
     36.9421 5.15705e-05
     37.1013 3.34797e-05
     37.2606  3.1227e-05
     37.4198 6.29803e-05
     37.5790 5.72361e-05
     37.7383 2.86607e-05
     37.8975 1.69835e-05
     38.0567 1.34548e-05
     38.2160 3.78123e-05
     38.3752  5.9336e-05
     38.5344 5.21702e-05
     38.6937 3.88873e-05
     38.8529 1.76222e-05
     39.0121 2.02641e-05
     39.1714 2.11288e-05
     39.3306 1.65217e-05
     39.4898 3.43756e-05
     39.6491 3.31488e-05
     39.8083 2.35842e-05
     39.9675 1.79234e-05
     40.1267 4.64062e-05
     40.2860 3.29118e-05
     40.4452 1.55259e-05
     40.6044  4.7949e-05
     40.7637 5.85859e-05
     40.9229  4.1727e-05
     41.0821 2.41478e-05
     41.2414 1.49787e-05
     41.4006 1.21242e-05
     41.5598    4.12e-06
     41.7191 9.20723e-06
     41.8783 2.90889e-05
     42.0375 3.19751e-05
     42.1968 5.18696e-05
     42.3560 6.73191e-05
     42.5152 2.54443e-05
     42.6745 1.81114e-05
     42.8337 8.58168e-06
     42.9929  6.1476e-06
     43.1522 1.54596e-05
     43.3114  1.6998e-05
     43.4706 4.78365e-05
     43.6299 7.17123e-05
     43.7891 3.79286e-05
     43.9483 2.95466e-05
     44.1076  2.5987e-05
     44.2668 5.42815e-05
     44.4260 6.75124e-05
     44.5853 2.56835e-05
     44.7445 2.62361e-05
     44.9037 1.55799e-05
     45.0630 4.74794e-06
     45.2222 1.52217e-05
     45.3814 5.03537e-05
     45.5407 5.26112e-05
     45.6999 3.81328e-05
     45.8591 1.84454e-05
     46.0184 4.12392e-05
     46.1776 6.94085e-05
     46.3368 5.76628e-05
     46.4961 4.50976e-05
     46.6553 4.30046e-05
     46.8145 2.82361e-06
     46.9738 2.56268e-05
     47.1330 1.74712e-05
     47.2922 3.00725e-05
     47.4515 5.23217e-05
     47.6107 7.30417e-05
     47.7699 2.22175e-05
     47.9292 2.82255e-05
     48.0884 5.20784e-05
     48.2476 6.87684e-05
     48.4069  4.4974e-05
     48.5661 2.95696e-05
     48.7253 2.12195e-05
     48.8846 2.46597e-05
     49.0438  3.6645e-05
     49.2030 2.28074e-05
     49.3623 1.58443e-05
     49.5215 1.62167e-05
     49.6807 1.11568e-05
     49.8400  1.8705e-05
     49.9992 2.82293e-05
     50.1584 3.61819e-05
     50.3177 6.70053e-05
     50.4769 3.77511e-05
     50.6361 1.65861e-05
     50.7954 1.04566e-05
     50.9546 2.61885e-05
     51.1138 2.85784e-05
     51.2731  4.0833e-05
     51.4323 4.82277e-05
     51.5915 5.88162e-05
     51.7508 7.35261e-05
     51.9100  5.6209e-05
     52.0692 2.42678e-05
     52.2285   1.812e-05
     52.3877 4.20307e-05
     52.5469 4.26255e-05
     52.7062 1.22624e-05
     52.8654  3.3663e-05
     53.0246 3.47683e-05
     53.1839 1.84791e-05
     53.3431 5.27552e-06
     53.5023 2.96485e-05
     53.6616 1.84431e-05
     53.8208    3.22e-06
     53.9800 2.92848e-05
     54.1393 2.93083e-05
     54.2985 2.35482e-05
     54.4577 4.02268e-05
     54.6170  5.2759e-06
     54.7762 1.95918e-06
     54.9354 1.62616e-05
     55.0947  7.6726e-06
     55.2539 1.38822e-05
     55.4131 2.88114e-05
     55.5724 3.49779e-05
     55.7316 6.69394e-05
     55.8908 3.43542e-05
     56.0501 3.14551e-05
     56.2093 2.52944e-05
     56.3685 5.03765e-05
     56.5278 4.24858e-05
     56.6870 9.39663e-06
     56.8462 4.05524e-05
     57.0055  2.1877e-05
     57.1647 8.56712e-05
     57.3239 6.65425e-06
     57.4832 7.70039e-05
     57.6424 4.92272e-05
     57.8016 0.000111172
     57.9609 6.38195e-05
     58.1201 0.000187016
     58.2793 0.000114292
     58.4386 0.000252964
     58.5978  0.00029198
     58.7570 0.000440017
     58.9163 0.000624801
     59.0755  0.00104024
     59.2347  0.00182349
     59.3940  0.00357653
     59.5532  0.00909567
     59.7124   0.0365036
     59.8717     11.4753
     60.0309      22.626
     60.1901     11.1523
     60.3494   0.0352719
     60.5086  0.00889112
     60.6678  0.00356079
     60.8271  0.00178884
     60.9863 0.000994318
     61.1455 0.000673278
     61.3048 0.000389951
     61.4640  0.00034514
     61.6232 0.000180895
     61.7825 0.000186037
     61.9417 0.000128118
     62.1009 6.54467e-05
     62.2602 0.000147572
     62.4194 1.91226e-05
     62.5786 5.49064e-05
     62.7379 9.54648e-05
     62.8971 2.20284e-05
     63.0563 4.13137e-05
     63.2156 6.91439e-05
     63.3748 1.88766e-05
     63.5340 7.24206e-06
     63.6933 4.08961e-05
     63.8525 2.99729e-05
     64.0117 3.01611e-05
     64.1710 1.84724e-05
     64.3302 2.51184e-05
     64.4894 2.81959e-05
     64.6487 3.52732e-05
     64.8079 6.00918e-05
     64.9671 5.74556e-05
     65.1264 6.31154e-05
     65.2856 6.27623e-05
     65.4448 5.71371e-06
     65.6041 2.44496e-05
     65.7633 1.42898e-05
     65.9225 1.53475e-05
     66.0818  2.1428e-05
     66.2410 4.59734e-05
     66.4002 2.91015e-05
     66.5594 3.56287e-05
     66.7187 1.11344e-05
     66.8779 1.55611e-05
     67.0371 1.05949e-05
     67.1964 8.89166e-06
     67.3556 4.60026e-05
     67.5148 2.45844e-05
     67.6741 2.08448e-05
     67.8333 3.80746e-05
     67.9925 5.07666e-05
     68.1518 2.72433e-05
     68.3110 3.84296e-05
     68.4702 3.83899e-05
     68.6295 2.17273e-05
     68.7887 3.06571e-05
     68.9479 3.56353e-05
     69.1072 1.75611e-05
     69.2664 2.68337e-05
     69.4256 1.17222e-05
     69.5849 1.37804e-05
     69.7441 1.14536e-05
     69.9033 2.27241e-05
     70.0626  2.5712e-05
     70.2218 3.00639e-05
     70.3810 2.36154e-05
     70.5403 2.53462e-05
     70.6995 3.31061e-05
     70.8587 3.91786e-05
     71.0180 3.64085e-05
     71.1772 4.90542e-06
     71.3364 3.15395e-05
     71.4957 3.35882e-05
     71.6549 8.71677e-06
     71.8141 1.83296e-05
     71.9734 2.59814e-05
     72.1326 1.89298e-05
     72.2918 2.17244e-05
     72.4511 1.46395e-05
     72.6103 4.24648e-05
     72.7695 5.26521e-05
     72.9288 5.82092e-05
     73.0880  2.6478e-05
     73.2472 1.34237e-05
     73.4065 2.45478e-05
     73.5657 4.55426e-05
     73.7249 9.20366e-06
     73.8842 2.99547e-05
     74.0434  4.4667e-05
     74.2026 4.07882e-05
     74.3619 1.57853e-05
     74.5211 4.39939e-05
     74.6803 2.51149e-05
     74.8396 4.01935e-05
     74.9988 4.37614e-05
     75.1580 5.54695e-05
     75.3173 3.83518e-05
     75.4765 2.30991e-05
     75.6357 3.33642e-05
     75.7950 5.71837e-05
     75.9542 4.29309e-05
     76.1134 2.41039e-05
     76.2727 2.23984e-05
     76.4319 6.94801e-06
     76.5911 3.50964e-05
     76.7504 1.28928e-05
     76.9096 3.50277e-05
     77.0688 4.98806e-05
     77.2281 6.99958e-05
     77.3873 5.59397e-05
     77.5465 2.12186e-05
     77.7058 1.25836e-05
     77.8650 2.46422e-05
     78.0242 3.95557e-05
     78.1835 5.40667e-05
     78.3427  6.1882e-05
     78.5019 4.17876e-05
     78.6612 9.45566e-06
     78.8204 1.15901e-05
     78.9796 7.51934e-06
     79.1389 1.18176e-05
     79.2981 3.59484e-05
     79.4573 3.32882e-05
     79.6166 5.33643e-05
     79.7758 4.23339e-05
     79.9350 1.21672e-05
     80.0943 1.75625e-05
     80.2535 4.56618e-05
     80.4127  5.0726e-05
     80.5720 4.40289e-05
     80.7312 3.92104e-05
     80.8904  3.0069e-05
     81.0497 9.38535e-06
     81.2089  5.0152e-05
     81.3681 5.43419e-05
     81.5274 3.16452e-05
     81.6866 2.72029e-05
     81.8458 2.88306e-05
     82.0051 4.19756e-05
     82.1643 7.09059e-05
     82.3235 6.90716e-05
     82.4828 3.06883e-05
     82.6420 2.40298e-05
     82.8012 3.41175e-05
     82.9605 3.41794e-05
     83.1197 4.45232e-05
     83.2789 3.67076e-05
     83.4382 4.89847e-05
     83.5974  3.5714e-05
     83.7566 9.63676e-06
     83.9159 1.93721e-05
     84.0751 2.36339e-05
     84.2343 3.18159e-05
     84.3936 2.24776e-05
     84.5528  2.0465e-05
     84.7120 2.35918e-05
     84.8713 3.09254e-05
     85.0305 3.31346e-05
     85.1897  2.1304e-05
     85.3490 1.32248e-05
     85.5082 3.34464e-05
     85.6674 4.42932e-05
     85.8267 4.54235e-05
     85.9859 2.63833e-05
     86.1451  6.7094e-06
     86.3044 2.85914e-05
     86.4636 2.91458e-05
     86.6228 3.71687e-05
     86.7821 5.85931e-05
     86.9413  3.3619e-05
     87.1005 3.16639e-05
     87.2598 3.10008e-05
     87.4190 2.35783e-05
     87.5782 1.95638e-05
     87.7375 3.03694e-05
     87.8967 1.75801e-05
     88.0559 5.36156e-06
     88.2152 3.50057e-05
     88.3744 2.61444e-05
     88.5336 1.93304e-05
     88.6929 3.69691e-05
     88.8521 3.67461e-05
     89.0113 1.79478e-05
     89.1706 1.81332e-05
     89.3298 9.91553e-06
     89.4890 3.38457e-05
     89.6483 3.16993e-05
     89.8075 4.10159e-05
     89.9667 5.66024e-05
     90.1260 4.13068e-05
     90.2852 5.08053e-05
     90.4444  1.3102e-05
     90.6037 3.69431e-05
     90.7629 3.52757e-05
     90.9221  3.1033e-05
     91.0814 1.62757e-05
     91.2406 2.18545e-05
     91.3998 7.74244e-06
     91.5591 1.72804e-05
     91.7183  2.0395e-05
     91.8775 4.62087e-05
     92.0368 4.56095e-05
     92.1960 1.09205e-05
     92.3552 1.59448e-05
     92.5145  2.8672e-05
     92.6737 4.70217e-05
     92.8329 3.14878e-05
     92.9921 1.02248e-05
     93.1514 1.64029e-05
     93.3106 1.44696e-05
     93.4698 3.94733e-05
     93.6291  1.2878e-05
     93.7883 8.82688e-06
     93.9475 7.23711e-06
     94.1068 1.67129e-05
     94.2660 2.43456e-05
     94.4252 5.12699e-05
     94.5845 6.51026e-05
     94.7437 4.70848e-05
     94.9029 4.91087e-05
     95.0622  2.5421e-05
     95.2214  4.2671e-05
     95.3806  3.2766e-05
     95.5399 2.98475e-05
     95.6991 4.17381e-05
     95.8583 2.91623e-05
     96.0176 8.05562e-06
     96.1768 2.34436e-05
     96.3360  2.7251e-05
     96.4953 1.62006e-05
     96.6545 2.58976e-05
     96.8137 2.07784e-05
     96.9730 1.15955e-05
     97.1322 1.10864e-05
     97.2914 2.09598e-05
     97.4507 3.76329e-05
     97.6099   3.501e-05
     97.7691 4.85589e-05
     97.9284 5.26214e-05
     98.0876 2.67057e-05
     98.2468 8.99195e-06
     98.4061 3.37457e-05
     98.5653   2.148e-05
     98.7245 3.80309e-05
     98.8838 3.59267e-05
     99.0430 4.06918e-05
     99.2022 5.49293e-05
     99.3615 5.91564e-05
     99.5207 5.88833e-05
     99.6799 3.28136e-05
     99.8392 2.49715e-05
     99.9984 3.15577e-05
    100.1576 1.98644e-05
    100.3169 4.40955e-05
    100.4761 6.34097e-05
    100.6353 4.67411e-05
    100.7946 3.34963e-05
    100.9538 6.99596e-06
    101.1130 3.08593e-05
    101.2723 6.68651e-05
    101.4315 6.31693e-05
    101.5907 5.44391e-05
    101.7500 2.78733e-05
    101.9092 4.04742e-05
    102.0684 4.63385e-05
    102.2277 4.90314e-05
    102.3869 4.65578e-05
    102.5461 5.78352e-05
    102.7054 4.80014e-05
    102.8646 2.73159e-05
    103.0238 3.77474e-05
    103.1831 3.48237e-05
    103.3423 2.56186e-05
    103.5015  5.8766e-05
    103.6608 7.49652e-05
    103.8200 4.25932e-05
    103.9792 6.27435e-05
    104.1385  8.6717e-05
    104.2977  3.6926e-05
    104.4569 2.32179e-05
    104.6162 1.84279e-05
    104.7754 2.41053e-05
    104.9346 3.02993e-05
    105.0939 2.13817e-05
    105.2531 1.12687e-05
    105.4123 8.63759e-06
    105.5716 3.67567e-05
    105.7308 4.29343e-05
    105.8900 4.06439e-05
    106.0493 3.05026e-05
    106.2085 2.50085e-05
    106.3677 2.26285e-05
    106.5270 2.22402e-05
    106.6862 6.43811e-06
    106.8454 2.87526e-05
    107.0047 5.79234e-05
    107.1639  5.6385e-05
    107.3231 5.34479e-05
    107.4824 4.65606e-05
    107.6416 4.03172e-05
    107.8008 4.72545e-05
    107.9601  3.4735e-05
    108.1193 1.30735e-05
    108.2785 2.49724e-05
    108.4378 2.37104e-05
    108.5970  2.0258e-05
    108.7562  9.2563e-06
    108.9155 2.10458e-05
    109.0747 4.08283e-05
    109.2339 4.95143e-05
    109.3932 3.23353e-05
    109.5524 2.06426e-05
    109.7116 4.11125e-05
    109.8709 1.66016e-05
    110.0301 3.05337e-05
    110.1893 5.86644e-05
    110.3486 5.86739e-05
    110.5078 2.53374e-05
    110.6670 7.58173e-05
    110.8263 6.07621e-05
    110.9855 4.35036e-05
    111.1447 1.91496e-05
    111.3040 2.66086e-06
    111.4632 1.88788e-05
    111.6224 2.61541e-05
    111.7817 3.18476e-05
    111.9409 1.91455e-05
    112.1001 8.00855e-06
    112.2594 4.63227e-05
    112.4186 4.73129e-05
    112.5778 5.22815e-05
    112.7371 4.98454e-05
    112.8963 2.26035e-05
    113.0555  2.1348e-05
    113.2148 4.38671e-05
    113.3740 1.59603e-05
    113.5332  3.0931e-05
    113.6925 4.72369e-05
    113.8517 2.74315e-05
    114.0109 2.60294e-05
    114.1702 2.06469e-05
    114.3294 1.89675e-05
    114.4886 3.72175e-05
    114.6479 2.90791e-05
    114.8071 2.05094e-05
    114.9663 1.64153e-05
    115.1256 2.64835e-05
    115.2848 4.06529e-05
    115.4440 4.19516e-05
    115.6033  4.9555e-05
    115.7625 2.69272e-05
    115.9217 1.09364e-05
    116.0810 1.80771e-05
    116.2402 2.89287e-05
    116.3994 2.62733e-05
    116.5587 1.75526e-05
    116.7179 2.65297e-05
    116.8771 6.29615e-05
    117.0364 4.86062e-05
    117.1956 1.85175e-05
    117.3548 8.92636e-06
    117.5141 2.33168e-05
    117.6733 3.69999e-05
    117.8325 3.19983e-05
    117.9918 3.73227e-05
    118.1510 3.03684e-05
    118.3102 2.64009e-05
    118.4695 4.14118e-05
    118.6287 6.83314e-06
    118.7879 4.12736e-05
    118.9472 4.02777e-05
    119.1064 1.26567e-05
    119.2656 4.53373e-05
    119.4248 4.04487e-05
    119.5841 1.02091e-05
    119.7433 4.41973e-05
    119.9025 3.90062e-05
    120.0618 2.68571e-05
    120.2210 2.09019e-05
    120.3802 1.68326e-05
    120.5395 2.41546e-05
    120.6987 4.95445e-05
    120.8579 5.39452e-05
    121.0172 4.99058e-05
    121.1764 3.20969e-05
    121.3356 3.24369e-05
    121.4949 5.80148e-05
    121.6541 2.84239e-05
    121.8133  2.8353e-05
    121.9726 2.04242e-05
    122.1318 8.87861e-06
    122.2910 1.65323e-05
    122.4503 3.20595e-05
    122.6095 2.57167e-05
    122.7687 2.86788e-05
    122.9280 3.80252e-05
    123.0872 4.10392e-05
    123.2464  3.5897e-05
    123.4057 1.97283e-05
    123.5649 1.09026e-05
    123.7241 7.41402e-06
    123.8834  4.8429e-05
    124.0426 4.65879e-05
    124.2018  1.9987e-05
    124.3611 2.41588e-05
    124.5203 3.05707e-05
    124.6795 2.86855e-05
    124.8388 1.16068e-05
    124.9980 3.02329e-05
    125.1572 4.37258e-05
    125.3165 4.29502e-05
    125.4757 4.85113e-05
    125.6349 4.28711e-05
    125.7942 1.83158e-05
    125.9534 1.69861e-06
    126.1126 1.54074e-05
    126.2719 2.92178e-05
    126.4311 3.59794e-05
    126.5903 3.49641e-05
    126.7496 2.92907e-05
    126.9088 3.44538e-05
    127.0680 2.68544e-05
    127.2273  3.4254e-05
    127.3865 2.80491e-05
    127.5457 2.23307e-05
    127.7050 1.04231e-05
    127.8642 4.14221e-05
    128.0234 2.83276e-05
    128.1827 2.31804e-05
    128.3419 2.45339e-05
    128.5011 4.79135e-06
    128.6604 2.17463e-05
    128.8196 1.95167e-05
    128.9788 2.23096e-05
    129.1381 6.33669e-05
    129.2973 4.83255e-05
    129.4565 2.92647e-05
    129.6158 5.88976e-05
    129.7750 2.49762e-05
    129.9342 1.49671e-05
    130.0935  1.6096e-05
    130.2527 1.42318e-05
    130.4119 8.76167e-06
    130.5712 3.44777e-05
    130.7304 3.03214e-05
    130.8896 1.08407e-05
    131.0489 2.12773e-05
    131.2081  1.2661e-05
    131.3673 2.55111e-05
    131.5266 2.83163e-05
    131.6858 1.66155e-05
    131.8450 1.24639e-05
    132.0043 2.27139e-05
    132.1635 1.78417e-05
    132.3227 2.97417e-06
    132.4820 1.93811e-05
    132.6412 2.22063e-05
    132.8004 4.30869e-05
    132.9597 5.07574e-05
    133.1189 2.47308e-05
    133.2781 1.73898e-05
    133.4374 1.46837e-05
    133.5966 1.83261e-05
    133.7558 2.69761e-05
    133.9151  4.2348e-05
    134.0743 5.38449e-05
    134.2335 1.23913e-05
    134.3928 2.55897e-05
    134.5520 4.26283e-05
    134.7112 7.69131e-05
    134.8705 6.11552e-05
    135.0297 3.61231e-05
    135.1889  2.9255e-05
    135.3482 3.39241e-05
    135.5074 5.63124e-05
    135.6666  6.1751e-05
    135.8259 3.35186e-05
    135.9851 1.02491e-05
    136.1443 2.29606e-06
    136.3036 1.29013e-05
    136.4628 1.53666e-05
    136.6220 2.51012e-06
    136.7813 2.02199e-05
    136.9405 6.23145e-06
    137.0997 2.90876e-05
    137.2590 2.74988e-05
    137.4182 3.30051e-05
    137.5774 3.89194e-05
    137.7367 4.68289e-05
    137.8959 5.58653e-05
    138.0551 3.98832e-05
    138.2144 2.26631e-05
    138.3736 2.94173e-05
    138.5328 3.10543e-05
    138.6921  1.4462e-05
    138.8513 3.42179e-06
    139.0105 1.77605e-05
    139.1698 5.78172e-05
    139.3290 6.52978e-05
    139.4882 3.55119e-05
    139.6475 2.54994e-05
    139.8067 6.38875e-06
    139.9659 3.26236e-05
    140.1252 3.13264e-05
    140.2844 5.83824e-05
    140.4436 4.41027e-05
    140.6029 3.98101e-05
    140.7621 4.78169e-05
    140.9213 3.79236e-05
    141.0806 4.62185e-05
    141.2398 6.48971e-05
    141.3990  3.8878e-05
    141.5583 2.04164e-05
    141.7175 2.13771e-05
    141.8767 3.82382e-05
    142.0360 2.06115e-05
    142.1952 1.35092e-05
    142.3544 1.04305e-05
    142.5137 1.73815e-05
    142.6729 1.74883e-05
    142.8321 1.92174e-05
    142.9914 1.46593e-05
    143.1506 1.72955e-05
    143.3098 1.34135e-05
    143.4691 3.19019e-05
    143.6283 1.24916e-05
    143.7875 3.50143e-05
    143.9468 2.75881e-05
    144.1060 2.75433e-05
    144.2652 6.09498e-05
    144.4245 4.44998e-05
    144.5837 1.75032e-05
    144.7429 4.71837e-05
    144.9022 7.09329e-05
    145.0614 7.75859e-05
    145.2206  6.3507e-05
    145.3799  3.7928e-05
    145.5391 4.07027e-05
    145.6983 3.44415e-05
    145.8576 3.08478e-05
    146.0168 2.84164e-05
    146.1760 3.29554e-05
    146.3352 2.56307e-05
    146.4945 4.18404e-05
    146.6537 5.19422e-05
    146.8129 2.04963e-05
    146.9722 4.77447e-05
    147.1314 1.69801e-05
    147.2906 1.83858e-05
    147.4499 3.85047e-06
    147.6091 4.39871e-05
    147.7683 4.91006e-05
    147.9276 4.08055e-05
    148.0868 9.76409e-06
    148.2460 4.13152e-05
    148.4053 3.89284e-05
    148.5645 1.36998e-05
    148.7237 3.75354e-05
    148.8830 4.02962e-05
    149.0422 5.77908e-05
    149.2014 7.93272e-05
    149.3607 5.87464e-05
    149.5199 5.77312e-05
    149.6791 7.37621e-05
    149.8384 4.95437e-05
    149.9976 5.63731e-05
    150.1568 2.96826e-05
    150.3161 1.52371e-05
    150.4753 1.79993e-05
    150.6345 2.21071e-05
    150.7938  1.0588e-05
    150.9530 2.96667e-05
    151.1122 1.51751e-05
    151.2715 2.59273e-05
    151.4307 3.78753e-05
    151.5899 3.14221e-05
    151.7492 4.14728e-05
    151.9084 3.32004e-05
    152.0676 1.33953e-05
    152.2269 1.04754e-05
    152.3861 1.84718e-05
    152.5453 2.73239e-05
    152.7046 3.04075e-05
    152.8638 3.07949e-05
    153.0230  1.5775e-05
    153.1823 1.75866e-05
    153.3415  1.5482e-05
    153.5007 2.37831e-05
    153.6600 3.73963e-05
    153.8192 3.34181e-05
    153.9784 8.42036e-06
    154.1377 2.36529e-05
    154.2969  4.6054e-06
    154.4561 3.06291e-05
    154.6154 2.75972e-05
    154.7746 3.32317e-05
    154.9338 3.96948e-05
    155.0931  1.3261e-05
    155.2523 3.64969e-05
    155.4115 6.61072e-05
    155.5708 3.73087e-05
    155.7300 3.25961e-05
    155.8892 4.23161e-05
    156.0485 4.59024e-05
    156.2077 3.77926e-05
    156.3669 1.55064e-05
    156.5262 1.73098e-05
    156.6854 3.62616e-05
    156.8446 2.82554e-05
    157.0039 3.50723e-05
    157.1631  6.5072e-05
    157.3223 6.58708e-05
    157.4816 2.22122e-05
    157.6408 3.61848e-05
    157.8000 3.25063e-05
    157.9593 1.13345e-05
    158.1185 2.55416e-05
    158.2777 3.78131e-05
    158.4370 3.52807e-05
    158.5962 1.39993e-05
    158.7554 2.14279e-05
    158.9147 1.58097e-05
    159.0739 5.44415e-05
    159.2331 5.58759e-05
    159.3924  1.5022e-05
    159.5516 5.29025e-06
    159.7108 1.78842e-05
    159.8701 2.33625e-05
    160.0293 1.58199e-05
    160.1885 5.10578e-06
    160.3478 8.66462e-06
    160.5070 1.20197e-05
    160.6662 1.58275e-05
    160.8255 5.26359e-06
    160.9847 9.35369e-06
    161.1439 1.34239e-05
    161.3032 1.84639e-05
    161.4624  1.2496e-05
    161.6216 3.57624e-05
    161.7809 3.17789e-05
    161.9401 2.66464e-05
    162.0993 2.87986e-05
    162.2586 3.24659e-05
    162.4178 3.09828e-05
    162.5770    5.06e-05
    162.7363 7.41096e-05
    162.8955 3.96937e-05
