####_grid_spc_plane,123456,-10.0368,-0.3683,52.0000,0.,0.,1.,

#_grid_rbe2_cylinder,-7.4990,6.1840,50.6250,0.0025,0.48,0.,0.,1.,
#_grid_rbe2_cylinder,-4.6860,6.1840,50.6250,0.0025,0.48,0.,0.,1.,
#_grid_rbe2_cylinder,-4.6860,0.4340,50.6250,0.0025,0.48,0.,0.,1.,
#_grid_rbe2_cylinder,-7.4990,0.4340,50.6250,0.0025,0.48,0.,0.,1.,

#_grid_rbe2_cylinder,-7.3119,3.0590,50.5250,0.0025,0.48,0.,0.,1.,
#_grid_rbe2_cylinder,-5.5638,3.0717,50.5250,0.0025,0.48,0.,0.,1.,

#_grid_rbe2_cylinder,-1.5869,5.4077,49.9013,0.0025,0.48,1.,0.,0.,
#_grid_rbe2_cylinder,-1.5869,3.6577,49.9013,0.0025,0.48,1.,0.,0.,

#_grid_bolt_translate,-4.6860,0.4340,50.5450,-4.6860,0.4340,51.5000,0.,0.,1.,0.5,0.22,0.48,0.22,-2.917,0.,0.,2,
#_grid_bolt_translate,-4.6860,6.1840,50.5450,-4.6860,6.1840,51.5000,0.,0.,1.,0.5,0.22,0.48,0.22,-2.917,0.,0.,2,

#_grid_rbe2_cylinder,-5.5619,3.0590,50.6250,0.0025,0.48,0.,0.,1.,
#_grid_rbe2_cylinder,-7.3119,3.0590,50.6250,0.0025,0.48,0.,0.,1.,

#_grid_bolt_translate,-1.5219,3.6664,49.9108,-1.8744,3.6577,49.9013,1.,0.,0.,0.187,0.31,0.32,0.31,0.,1.741,0.,2,

#_grid_rbe2_cylinder_master_from_list,contact-list-z-normal.txt,0.25,0.0025,0.,0.,1.,
#_grid_rbe2_cylinder_master_from_list,contact-list-x-normal.txt,0.2,0.0025,1.,0.,0.,

#_grid_rbe3_cylinder,0.4381,4.5328,49.9013 ,0.59,0.188,0.,0.,1.,
#_grid_rbe3_cylinder,-6.4369,3.0590,48.5000,0.58,0.188,0.,1.,0.,

##_msc_nastran_solution,modal,C:\plmapps\NX2000\NXNASTRAN\bin\nastranw