    Freq(Hz)    Mag(0,0)  Phase(0,0)    Freq(Hz)    Mag(0,1)  Phase(0,1)    Freq(Hz)    Mag(0,2)  Phase(0,2)    Freq(Hz)    Mag(1,0)  Phase(1,0)    Freq(Hz)    Mag(1,1)  Phase(1,1)    Freq(Hz)    Mag(1,2)  Phase(1,2)    Freq(Hz)    Mag(2,0)  Phase(2,0)    Freq(Hz)    Mag(2,1)  Phase(2,1)    Freq(Hz)    Mag(2,2)  Phase(2,2)
        1.00      0.0032       90.00        1.00      0.0016       90.00        1.00      0.0017       90.00        1.00      0.0016       90.00        1.00      0.0032       90.00        1.00      0.0017       90.00        1.00      0.0017       90.00        1.00      0.0017       90.00        1.00      0.0033       90.00
        2.00      0.0069       90.00        2.00      0.0038       90.00        2.00      0.0039       90.00        2.00      0.0038       90.00        2.00      0.0072       90.00        2.00      0.0040       90.00        2.00      0.0039       90.00        2.00      0.0040       90.00        2.00      0.0074       90.00
        3.00      0.0123       90.00        3.00      0.0077       90.00        3.00      0.0081       89.99        3.00      0.0077       90.00        3.00      0.0133       90.00        3.00      0.0085       89.99        3.00      0.0081       89.99        3.00      0.0085       89.99        3.00      0.0144       90.00
        4.00      0.0246       89.99        4.00      0.0195       89.99        4.00      0.0215       89.99        4.00      0.0195       89.99        4.00      0.0287       89.99        4.00      0.0235       89.99        4.00      0.0215       89.99        4.00      0.0235       89.99        4.00      0.0341       89.99
        5.00      0.1740      -89.92        5.00      0.2129      -89.92        5.00      0.2546      -89.92        5.00      0.2129      -89.92        5.00      0.2373      -89.92        5.00      0.2963      -89.92        5.00      0.2546      -89.92        5.00      0.2963      -89.92        5.00      0.3418      -89.92
        6.00      0.0039      -89.97        6.00      0.0196      -89.99        6.00      0.0270      -89.99        6.00      0.0196      -89.99        6.00      0.0103      -89.98        6.00      0.0345      -90.00        6.00      0.0270      -89.99        6.00      0.0345      -90.00        6.00      0.0274      -89.99
        7.00      0.0079       89.99        7.00      0.0097      -90.00        7.00      0.0182      -90.00        7.00      0.0097      -90.00        7.00      0.0071       89.99        7.00      0.0268      -90.00        7.00      0.0182      -90.00        7.00      0.0268      -90.00        7.00      0.0103      -89.99
        8.00      0.0170       90.00        8.00      0.0026      -89.98        8.00      0.0182      -90.00        8.00      0.0026      -89.98        8.00      0.0293       89.99        8.00      0.0338      -90.00        8.00      0.0182      -90.00        8.00      0.0338      -90.00        8.00      0.0022       89.97
        9.00      0.0401       89.99        9.00      0.0496       89.98        9.00      0.0499      -90.01        9.00      0.0496       89.98        9.00      0.2188       89.98        9.00      0.1494      -90.02        9.00      0.0499      -90.01        9.00      0.1494      -90.02        9.00      0.0795       89.98
       10.00      0.0302       90.00       10.00      0.0328      -90.00       10.00      0.0009       90.06       10.00      0.0328      -90.00       10.00      0.0682      -90.00       10.00      0.0345       90.01       10.00      0.0009       90.06       10.00      0.0345       90.01       10.00      0.0336      -90.00
       11.00      0.0563       90.00       11.00      0.0278      -90.00       11.00      0.0068      -90.00       11.00      0.0278      -90.00       11.00      0.0312      -90.00       11.00      0.0142       90.00       11.00      0.0068      -90.00       11.00      0.0142       90.00       11.00      0.0184      -90.00
       12.00      0.1243       90.00       12.00      0.0407      -90.00       12.00      0.0151      -90.00       12.00      0.0407      -90.00       12.00      0.0168      -90.00       12.00      0.0104       90.00       12.00      0.0151      -90.00       12.00      0.0104       90.00       12.00      0.0128      -90.00
       13.00      5.4354       89.89       13.00      1.3204      -90.11       13.00      0.5872      -90.11       13.00      1.3204      -90.11       13.00      0.2976       89.88       13.00      0.1459       89.89       13.00      0.5872      -90.11       13.00      0.1459       89.89       13.00      0.0513       89.86
       14.00      0.1507      -90.00       14.00      0.0288       90.00       14.00      0.0142       90.00       14.00      0.0288       90.00       14.00      0.0245      -90.00       14.00      0.0005      -89.99       14.00      0.0142       90.00       14.00      0.0005      -89.99       14.00      0.0118      -90.00
       15.00      0.0783      -90.00       15.00      0.0122       90.00       15.00      0.0064       90.00       15.00      0.0122       90.00       15.00      0.0182      -90.00       15.00      0.0006       90.00       15.00      0.0064       90.00       15.00      0.0006       90.00       15.00      0.0098      -90.00
       16.00      0.0543      -90.00       16.00      0.0071       90.00       16.00      0.0039       90.00       16.00      0.0071       90.00       16.00      0.0152      -90.00       16.00      0.0007       90.00       16.00      0.0039       90.00       16.00      0.0007       90.00       16.00      0.0086      -90.00
       17.00      0.0422      -90.00       17.00      0.0047       90.00       17.00      0.0027       90.00       17.00      0.0047       90.00       17.00      0.0133      -90.00       17.00      0.0006       90.00       17.00      0.0027       90.00       17.00      0.0006       90.00       17.00      0.0078      -90.00
       18.00      0.0349      -90.00       18.00      0.0034       90.00       18.00      0.0019       90.00       18.00      0.0034       90.00       18.00      0.0119      -90.00       18.00      0.0005       90.00       18.00      0.0019       90.00       18.00      0.0005       90.00       18.00      0.0071      -90.00
       19.00      0.0299      -90.00       19.00      0.0025       90.00       19.00      0.0015       90.00       19.00      0.0025       90.00       19.00      0.0109      -90.00       19.00      0.0005       90.00       19.00      0.0015       90.00       19.00      0.0005       90.00       19.00      0.0066      -90.00
       20.00      0.0263      -90.00       20.00      0.0020       90.00       20.00      0.0012       90.00       20.00      0.0020       90.00       20.00      0.0100      -90.00       20.00      0.0004       90.00       20.00      0.0012       90.00       20.00      0.0004       90.00       20.00      0.0062      -90.00
       21.00      0.0236      -90.00       21.00      0.0016       90.00       21.00      0.0010       90.00       21.00      0.0016       90.00       21.00      0.0093      -90.00       21.00      0.0003       90.00       21.00      0.0010       90.00       21.00      0.0003       90.00       21.00      0.0058      -90.00
       22.00      0.0214      -90.00       22.00      0.0013       90.00       22.00      0.0008       90.00       22.00      0.0013       90.00       22.00      0.0087      -90.00       22.00      0.0003       90.00       22.00      0.0008       90.00       22.00      0.0003       90.00       22.00      0.0054      -90.00
       23.00      0.0196      -90.00       23.00      0.0011       90.00       23.00      0.0007       90.00       23.00      0.0011       90.00       23.00      0.0082      -90.00       23.00      0.0003       90.00       23.00      0.0007       90.00       23.00      0.0003       90.00       23.00      0.0051      -90.00
       24.00      0.0182      -90.00       24.00      0.0009       90.00       24.00      0.0006       90.00       24.00      0.0009       90.00       24.00      0.0077      -90.00       24.00      0.0002       90.00       24.00      0.0006       90.00       24.00      0.0002       90.00       24.00      0.0049      -90.00
       25.00      0.0170      -90.00       25.00      0.0008       90.00       25.00      0.0005       90.00       25.00      0.0008       90.00       25.00      0.0073      -90.00       25.00      0.0002       90.00       25.00      0.0005       90.00       25.00      0.0002       90.00       25.00      0.0046      -90.00
       26.00      0.0159      -90.00       26.00      0.0007       90.00       26.00      0.0004       90.00       26.00      0.0007       90.00       26.00      0.0069      -90.00       26.00      0.0002       90.00       26.00      0.0004       90.00       26.00      0.0002       90.00       26.00      0.0044      -90.00
       27.00      0.0150      -90.00       27.00      0.0006       90.00       27.00      0.0004       90.00       27.00      0.0006       90.00       27.00      0.0066      -90.00       27.00      0.0002       90.00       27.00      0.0004       90.00       27.00      0.0002       90.00       27.00      0.0042      -90.00
       28.00      0.0142      -90.00       28.00      0.0005       90.00       28.00      0.0003       90.00       28.00      0.0005       90.00       28.00      0.0063      -90.00       28.00      0.0001       90.00       28.00      0.0003       90.00       28.00      0.0001       90.00       28.00      0.0041      -90.00
       29.00      0.0134      -90.00       29.00      0.0004       90.00       29.00      0.0003       90.00       29.00      0.0004       90.00       29.00      0.0061      -90.00       29.00      0.0001       90.00       29.00      0.0003       90.00       29.00      0.0001       90.00       29.00      0.0039      -90.00
       30.00      0.0128      -90.00       30.00      0.0004       90.00       30.00      0.0002       90.00       30.00      0.0004       90.00       30.00      0.0058      -90.00       30.00      0.0001       90.00       30.00      0.0002       90.00       30.00      0.0001       90.00       30.00      0.0038      -90.00
       31.00      0.0122      -90.00       31.00      0.0003       90.00       31.00      0.0002       90.00       31.00      0.0003       90.00       31.00      0.0056      -90.00       31.00      0.0001       90.00       31.00      0.0002       90.00       31.00      0.0001       90.00       31.00      0.0036      -90.00
       32.00      0.0117      -90.00       32.00      0.0003       90.00       32.00      0.0002       90.00       32.00      0.0003       90.00       32.00      0.0054      -90.00       32.00      0.0001       90.00       32.00      0.0002       90.00       32.00      0.0001       90.00       32.00      0.0035      -90.00
       33.00      0.0112      -90.00       33.00      0.0003       90.00       33.00      0.0002       90.00       33.00      0.0003       90.00       33.00      0.0052      -90.00       33.00      0.0001       90.00       33.00      0.0002       90.00       33.00      0.0001       90.00       33.00      0.0034      -90.00
       34.00      0.0108      -90.00       34.00      0.0002       90.00       34.00      0.0002       90.00       34.00      0.0002       90.00       34.00      0.0050      -90.00       34.00      0.0001       90.00       34.00      0.0002       90.00       34.00      0.0001       90.00       34.00      0.0033      -90.00
       35.00      0.0104      -90.00       35.00      0.0002       90.00       35.00      0.0001       90.00       35.00      0.0002       90.00       35.00      0.0049      -90.00       35.00      0.0001       90.00       35.00      0.0001       90.00       35.00      0.0001       90.00       35.00      0.0032      -90.00
       36.00      0.0100      -90.00       36.00      0.0002       90.00       36.00      0.0001       90.00       36.00      0.0002       90.00       36.00      0.0047      -90.00       36.00      0.0001       90.00       36.00      0.0001       90.00       36.00      0.0001       90.00       36.00      0.0031      -90.00
       37.00      0.0097      -90.00       37.00      0.0002       90.00       37.00      0.0001       90.00       37.00      0.0002       90.00       37.00      0.0046      -90.00       37.00      0.0001       90.00       37.00      0.0001       90.00       37.00      0.0001       90.00       37.00      0.0030      -90.00
       38.00      0.0094      -90.00       38.00      0.0002       90.00       38.00      0.0001       90.00       38.00      0.0002       90.00       38.00      0.0044      -90.00       38.00      0.0001       90.00       38.00      0.0001       90.00       38.00      0.0001       90.00       38.00      0.0029      -90.00
       39.00      0.0091      -90.00       39.00      0.0002       90.00       39.00      0.0001       90.00       39.00      0.0002       90.00       39.00      0.0043      -90.00       39.00      0.0000       90.00       39.00      0.0001       90.00       39.00      0.0000       90.00       39.00      0.0028      -90.00
       40.00      0.0088      -90.00       40.00      0.0001       90.00       40.00      0.0001       90.00       40.00      0.0001       90.00       40.00      0.0042      -90.00       40.00      0.0000       90.00       40.00      0.0001       90.00       40.00      0.0000       90.00       40.00      0.0027      -90.00
       41.00      0.0085      -90.00       41.00      0.0001       90.00       41.00      0.0001       90.00       41.00      0.0001       90.00       41.00      0.0041      -90.00       41.00      0.0000       90.00       41.00      0.0001       90.00       41.00      0.0000       90.00       41.00      0.0027      -90.00
       42.00      0.0083      -90.00       42.00      0.0001       90.00       42.00      0.0001       90.00       42.00      0.0001       90.00       42.00      0.0040      -90.00       42.00      0.0000       90.00       42.00      0.0001       90.00       42.00      0.0000       90.00       42.00      0.0026      -90.00
       43.00      0.0081      -90.00       43.00      0.0001       90.00       43.00      0.0001       90.00       43.00      0.0001       90.00       43.00      0.0039      -90.00       43.00      0.0000       90.00       43.00      0.0001       90.00       43.00      0.0000       90.00       43.00      0.0025      -90.00
       44.00      0.0079      -90.00       44.00      0.0001       90.00       44.00      0.0001       90.00       44.00      0.0001       90.00       44.00      0.0038      -90.00       44.00      0.0000       90.00       44.00      0.0001       90.00       44.00      0.0000       90.00       44.00      0.0025      -90.00
       45.00      0.0077      -90.00       45.00      0.0001       90.00       45.00      0.0001       90.00       45.00      0.0001       90.00       45.00      0.0037      -90.00       45.00      0.0000       90.00       45.00      0.0001       90.00       45.00      0.0000       90.00       45.00      0.0024      -90.00
       46.00      0.0075      -90.00       46.00      0.0001       90.00       46.00      0.0001       90.00       46.00      0.0001       90.00       46.00      0.0036      -90.00       46.00      0.0000       90.00       46.00      0.0001       90.00       46.00      0.0000       90.00       46.00      0.0024      -90.00
       47.00      0.0073      -90.00       47.00      0.0001       90.00       47.00      0.0001       90.00       47.00      0.0001       90.00       47.00      0.0035      -90.00       47.00      0.0000       90.00       47.00      0.0001       90.00       47.00      0.0000       90.00       47.00      0.0023      -90.00
       48.00      0.0071      -90.00       48.00      0.0001       90.00       48.00      0.0001       90.00       48.00      0.0001       90.00       48.00      0.0034      -90.00       48.00      0.0000       90.00       48.00      0.0001       90.00       48.00      0.0000       90.00       48.00      0.0023      -90.00
       49.00      0.0069      -90.00       49.00      0.0001       90.00       49.00      0.0000       90.00       49.00      0.0001       90.00       49.00      0.0034      -90.00       49.00      0.0000       90.00       49.00      0.0000       90.00       49.00      0.0000       90.00       49.00      0.0022      -90.00
       50.00      0.0068      -90.00       50.00      0.0001       90.00       50.00      0.0000       90.00       50.00      0.0001       90.00       50.00      0.0033      -90.00       50.00      0.0000       90.00       50.00      0.0000       90.00       50.00      0.0000       90.00       50.00      0.0022      -90.00
       51.00      0.0066      -90.00       51.00      0.0001       90.00       51.00      0.0000       90.00       51.00      0.0001       90.00       51.00      0.0032      -90.00       51.00      0.0000       90.00       51.00      0.0000       90.00       51.00      0.0000       90.00       51.00      0.0021      -90.00
       52.00      0.0065      -90.00       52.00      0.0001       90.00       52.00      0.0000       90.00       52.00      0.0001       90.00       52.00      0.0031      -90.00       52.00      0.0000       90.00       52.00      0.0000       90.00       52.00      0.0000       90.00       52.00      0.0021      -90.00
       53.00      0.0064      -90.00       53.00      0.0001       90.00       53.00      0.0000       90.00       53.00      0.0001       90.00       53.00      0.0031      -90.00       53.00      0.0000       90.00       53.00      0.0000       90.00       53.00      0.0000       90.00       53.00      0.0020      -90.00
       54.00      0.0062      -90.00       54.00      0.0001       90.00       54.00      0.0000       90.00       54.00      0.0001       90.00       54.00      0.0030      -90.00       54.00      0.0000       90.00       54.00      0.0000       90.00       54.00      0.0000       90.00       54.00      0.0020      -90.00
       55.00      0.0061      -90.00       55.00      0.0001       90.00       55.00      0.0000       90.00       55.00      0.0001       90.00       55.00      0.0030      -90.00       55.00      0.0000       90.00       55.00      0.0000       90.00       55.00      0.0000       90.00       55.00      0.0020      -90.00
       56.00      0.0060      -90.00       56.00      0.0000       90.00       56.00      0.0000       90.00       56.00      0.0000       90.00       56.00      0.0029      -90.00       56.00      0.0000       90.00       56.00      0.0000       90.00       56.00      0.0000       90.00       56.00      0.0019      -90.00
       57.00      0.0059      -90.00       57.00      0.0000       90.00       57.00      0.0000       90.00       57.00      0.0000       90.00       57.00      0.0029      -90.00       57.00      0.0000       90.00       57.00      0.0000       90.00       57.00      0.0000       90.00       57.00      0.0019      -90.00
       58.00      0.0057      -90.00       58.00      0.0000       90.00       58.00      0.0000       90.00       58.00      0.0000       90.00       58.00      0.0028      -90.00       58.00      0.0000       90.00       58.00      0.0000       90.00       58.00      0.0000       90.00       58.00      0.0019      -90.00
       59.00      0.0056      -90.00       59.00      0.0000       90.00       59.00      0.0000       90.00       59.00      0.0000       90.00       59.00      0.0028      -90.00       59.00      0.0000       90.00       59.00      0.0000       90.00       59.00      0.0000       90.00       59.00      0.0018      -90.00
       60.00      0.0055      -90.00       60.00      0.0000       90.00       60.00      0.0000       90.00       60.00      0.0000       90.00       60.00      0.0027      -90.00       60.00      0.0000       90.00       60.00      0.0000       90.00       60.00      0.0000       90.00       60.00      0.0018      -90.00
       61.00      0.0054      -90.00       61.00      0.0000       90.00       61.00      0.0000       90.00       61.00      0.0000       90.00       61.00      0.0027      -90.00       61.00      0.0000       90.00       61.00      0.0000       90.00       61.00      0.0000       90.00       61.00      0.0018      -90.00
       62.00      0.0053      -90.00       62.00      0.0000       90.00       62.00      0.0000       90.00       62.00      0.0000       90.00       62.00      0.0026      -90.00       62.00      0.0000       90.00       62.00      0.0000       90.00       62.00      0.0000       90.00       62.00      0.0017      -90.00
       63.00      0.0053      -90.00       63.00      0.0000       90.00       63.00      0.0000       90.00       63.00      0.0000       90.00       63.00      0.0026      -90.00       63.00      0.0000       90.00       63.00      0.0000       90.00       63.00      0.0000       90.00       63.00      0.0017      -90.00
       64.00      0.0052      -90.00       64.00      0.0000       90.00       64.00      0.0000       90.00       64.00      0.0000       90.00       64.00      0.0025      -90.00       64.00      0.0000       90.00       64.00      0.0000       90.00       64.00      0.0000       90.00       64.00      0.0017      -90.00
       65.00      0.0051      -90.00       65.00      0.0000       90.00       65.00      0.0000       90.00       65.00      0.0000       90.00       65.00      0.0025      -90.00       65.00      0.0000       90.00       65.00      0.0000       90.00       65.00      0.0000       90.00       65.00      0.0017      -90.00
       66.00      0.0050      -90.00       66.00      0.0000       90.00       66.00      0.0000       90.00       66.00      0.0000       90.00       66.00      0.0025      -90.00       66.00      0.0000       90.00       66.00      0.0000       90.00       66.00      0.0000       90.00       66.00      0.0016      -90.00
       67.00      0.0049      -90.00       67.00      0.0000       90.00       67.00      0.0000       90.00       67.00      0.0000       90.00       67.00      0.0024      -90.00       67.00      0.0000       90.00       67.00      0.0000       90.00       67.00      0.0000       90.00       67.00      0.0016      -90.00
       68.00      0.0048      -90.00       68.00      0.0000       90.00       68.00      0.0000       90.00       68.00      0.0000       90.00       68.00      0.0024      -90.00       68.00      0.0000       90.00       68.00      0.0000       90.00       68.00      0.0000       90.00       68.00      0.0016      -90.00
       69.00      0.0048      -90.00       69.00      0.0000       90.00       69.00      0.0000       90.00       69.00      0.0000       90.00       69.00      0.0023      -90.00       69.00      0.0000       90.00       69.00      0.0000       90.00       69.00      0.0000       90.00       69.00      0.0016      -90.00
       70.00      0.0047      -90.00       70.00      0.0000       90.00       70.00      0.0000       90.00       70.00      0.0000       90.00       70.00      0.0023      -90.00       70.00      0.0000       90.00       70.00      0.0000       90.00       70.00      0.0000       90.00       70.00      0.0015      -90.00
       71.00      0.0046      -90.00       71.00      0.0000       90.00       71.00      0.0000       90.00       71.00      0.0000       90.00       71.00      0.0023      -90.00       71.00      0.0000       90.00       71.00      0.0000       90.00       71.00      0.0000       90.00       71.00      0.0015      -90.00
       72.00      0.0046      -90.00       72.00      0.0000       90.00       72.00      0.0000       90.00       72.00      0.0000       90.00       72.00      0.0022      -90.00       72.00      0.0000       90.00       72.00      0.0000       90.00       72.00      0.0000       90.00       72.00      0.0015      -90.00
       73.00      0.0045      -90.00       73.00      0.0000       90.00       73.00      0.0000       90.00       73.00      0.0000       90.00       73.00      0.0022      -90.00       73.00      0.0000       90.00       73.00      0.0000       90.00       73.00      0.0000       90.00       73.00      0.0015      -90.00
       74.00      0.0044      -90.00       74.00      0.0000       90.00       74.00      0.0000       90.00       74.00      0.0000       90.00       74.00      0.0022      -90.00       74.00      0.0000       90.00       74.00      0.0000       90.00       74.00      0.0000       90.00       74.00      0.0014      -90.00
       75.00      0.0044      -90.00       75.00      0.0000       90.00       75.00      0.0000       90.00       75.00      0.0000       90.00       75.00      0.0022      -90.00       75.00      0.0000       90.00       75.00      0.0000       90.00       75.00      0.0000       90.00       75.00      0.0014      -90.00
       76.00      0.0043      -90.00       76.00      0.0000       90.00       76.00      0.0000       90.00       76.00      0.0000       90.00       76.00      0.0021      -90.00       76.00      0.0000       90.00       76.00      0.0000       90.00       76.00      0.0000       90.00       76.00      0.0014      -90.00
       77.00      0.0042      -90.00       77.00      0.0000       90.00       77.00      0.0000       90.00       77.00      0.0000       90.00       77.00      0.0021      -90.00       77.00      0.0000       90.00       77.00      0.0000       90.00       77.00      0.0000       90.00       77.00      0.0014      -90.00
       78.00      0.0042      -90.00       78.00      0.0000       90.00       78.00      0.0000       90.00       78.00      0.0000       90.00       78.00      0.0021      -90.00       78.00      0.0000       90.00       78.00      0.0000       90.00       78.00      0.0000       90.00       78.00      0.0014      -90.00
       79.00      0.0041      -90.00       79.00      0.0000       90.00       79.00      0.0000       90.00       79.00      0.0000       90.00       79.00      0.0020      -90.00       79.00      0.0000       90.00       79.00      0.0000       90.00       79.00      0.0000       90.00       79.00      0.0014      -90.00
       80.00      0.0041      -90.00       80.00      0.0000       90.00       80.00      0.0000       90.00       80.00      0.0000       90.00       80.00      0.0020      -90.00       80.00      0.0000       90.00       80.00      0.0000       90.00       80.00      0.0000       90.00       80.00      0.0013      -90.00
       81.00      0.0040      -90.00       81.00      0.0000       90.00       81.00      0.0000       90.00       81.00      0.0000       90.00       81.00      0.0020      -90.00       81.00      0.0000       90.00       81.00      0.0000       90.00       81.00      0.0000       90.00       81.00      0.0013      -90.00
       82.00      0.0040      -90.00       82.00      0.0000       90.00       82.00      0.0000       90.00       82.00      0.0000       90.00       82.00      0.0020      -90.00       82.00      0.0000       90.00       82.00      0.0000       90.00       82.00      0.0000       90.00       82.00      0.0013      -90.00
       83.00      0.0039      -90.00       83.00      0.0000       90.00       83.00      0.0000       90.00       83.00      0.0000       90.00       83.00      0.0019      -90.00       83.00      0.0000       90.00       83.00      0.0000       90.00       83.00      0.0000       90.00       83.00      0.0013      -90.00
       84.00      0.0039      -90.00       84.00      0.0000       90.00       84.00      0.0000       90.00       84.00      0.0000       90.00       84.00      0.0019      -90.00       84.00      0.0000       90.00       84.00      0.0000       90.00       84.00      0.0000       90.00       84.00      0.0013      -90.00
       85.00      0.0038      -90.00       85.00      0.0000       90.00       85.00      0.0000       90.00       85.00      0.0000       90.00       85.00      0.0019      -90.00       85.00      0.0000       90.00       85.00      0.0000       90.00       85.00      0.0000       90.00       85.00      0.0013      -90.00
       86.00      0.0038      -90.00       86.00      0.0000       90.00       86.00      0.0000       90.00       86.00      0.0000       90.00       86.00      0.0019      -90.00       86.00      0.0000       90.00       86.00      0.0000       90.00       86.00      0.0000       90.00       86.00      0.0012      -90.00
       87.00      0.0037      -90.00       87.00      0.0000       90.00       87.00      0.0000       90.00       87.00      0.0000       90.00       87.00      0.0018      -90.00       87.00      0.0000       90.00       87.00      0.0000       90.00       87.00      0.0000       90.00       87.00      0.0012      -90.00
       88.00      0.0037      -90.00       88.00      0.0000       90.00       88.00      0.0000       90.00       88.00      0.0000       90.00       88.00      0.0018      -90.00       88.00      0.0000       90.00       88.00      0.0000       90.00       88.00      0.0000       90.00       88.00      0.0012      -90.00
       89.00      0.0036      -90.00       89.00      0.0000       90.00       89.00      0.0000       90.00       89.00      0.0000       90.00       89.00      0.0018      -90.00       89.00      0.0000       90.00       89.00      0.0000       90.00       89.00      0.0000       90.00       89.00      0.0012      -90.00
       90.00      0.0036      -90.00       90.00      0.0000       90.00       90.00      0.0000       90.00       90.00      0.0000       90.00       90.00      0.0018      -90.00       90.00      0.0000       90.00       90.00      0.0000       90.00       90.00      0.0000       90.00       90.00      0.0012      -90.00
       91.00      0.0036      -90.00       91.00      0.0000       90.00       91.00      0.0000       90.00       91.00      0.0000       90.00       91.00      0.0018      -90.00       91.00      0.0000       90.00       91.00      0.0000       90.00       91.00      0.0000       90.00       91.00      0.0012      -90.00
       92.00      0.0035      -90.00       92.00      0.0000       90.00       92.00      0.0000       90.00       92.00      0.0000       90.00       92.00      0.0017      -90.00       92.00      0.0000       90.00       92.00      0.0000       90.00       92.00      0.0000       90.00       92.00      0.0012      -90.00
       93.00      0.0035      -90.00       93.00      0.0000       90.00       93.00      0.0000       90.00       93.00      0.0000       90.00       93.00      0.0017      -90.00       93.00      0.0000       90.00       93.00      0.0000       90.00       93.00      0.0000       90.00       93.00      0.0011      -90.00
       94.00      0.0034      -90.00       94.00      0.0000       90.00       94.00      0.0000       90.00       94.00      0.0000       90.00       94.00      0.0017      -90.00       94.00      0.0000       90.00       94.00      0.0000       90.00       94.00      0.0000       90.00       94.00      0.0011      -90.00
       95.00      0.0034      -90.00       95.00      0.0000       90.00       95.00      0.0000       90.00       95.00      0.0000       90.00       95.00      0.0017      -90.00       95.00      0.0000       90.00       95.00      0.0000       90.00       95.00      0.0000       90.00       95.00      0.0011      -90.00
       96.00      0.0034      -90.00       96.00      0.0000       90.00       96.00      0.0000       90.00       96.00      0.0000       90.00       96.00      0.0017      -90.00       96.00      0.0000       90.00       96.00      0.0000       90.00       96.00      0.0000       90.00       96.00      0.0011      -90.00
       97.00      0.0033      -90.00       97.00      0.0000       90.00       97.00      0.0000       90.00       97.00      0.0000       90.00       97.00      0.0017      -90.00       97.00      0.0000       90.00       97.00      0.0000       90.00       97.00      0.0000       90.00       97.00      0.0011      -90.00
       98.00      0.0033      -90.00       98.00      0.0000       90.00       98.00      0.0000       90.00       98.00      0.0000       90.00       98.00      0.0016      -90.00       98.00      0.0000       90.00       98.00      0.0000       90.00       98.00      0.0000       90.00       98.00      0.0011      -90.00
       99.00      0.0033      -90.00       99.00      0.0000       90.00       99.00      0.0000       90.00       99.00      0.0000       90.00       99.00      0.0016      -90.00       99.00      0.0000       90.00       99.00      0.0000       90.00       99.00      0.0000       90.00       99.00      0.0011      -90.00
      100.00      0.0032      -90.00      100.00      0.0000       90.00      100.00      0.0000       90.00      100.00      0.0000       90.00      100.00      0.0016      -90.00      100.00      0.0000       90.00      100.00      0.0000       90.00      100.00      0.0000       90.00      100.00      0.0011      -90.00
      101.00      0.0032      -90.00      101.00      0.0000       90.00      101.00      0.0000       90.00      101.00      0.0000       90.00      101.00      0.0016      -90.00      101.00      0.0000       90.00      101.00      0.0000       90.00      101.00      0.0000       90.00      101.00      0.0011      -90.00
      102.00      0.0032      -90.00      102.00      0.0000       90.00      102.00      0.0000       90.00      102.00      0.0000       90.00      102.00      0.0016      -90.00      102.00      0.0000       90.00      102.00      0.0000       90.00      102.00      0.0000       90.00      102.00      0.0010      -90.00
      103.00      0.0031      -90.00      103.00      0.0000       90.00      103.00      0.0000       90.00      103.00      0.0000       90.00      103.00      0.0016      -90.00      103.00      0.0000       90.00      103.00      0.0000       90.00      103.00      0.0000       90.00      103.00      0.0010      -90.00
      104.00      0.0031      -90.00      104.00      0.0000       90.00      104.00      0.0000       90.00      104.00      0.0000       90.00      104.00      0.0015      -90.00      104.00      0.0000       90.00      104.00      0.0000       90.00      104.00      0.0000       90.00      104.00      0.0010      -90.00
      105.00      0.0031      -90.00      105.00      0.0000       90.00      105.00      0.0000       90.00      105.00      0.0000       90.00      105.00      0.0015      -90.00      105.00      0.0000       90.00      105.00      0.0000       90.00      105.00      0.0000       90.00      105.00      0.0010      -90.00
      106.00      0.0030      -90.00      106.00      0.0000       90.00      106.00      0.0000       90.00      106.00      0.0000       90.00      106.00      0.0015      -90.00      106.00      0.0000       90.00      106.00      0.0000       90.00      106.00      0.0000       90.00      106.00      0.0010      -90.00
      107.00      0.0030      -90.00      107.00      0.0000       90.00      107.00      0.0000       90.00      107.00      0.0000       90.00      107.00      0.0015      -90.00      107.00      0.0000       90.00      107.00      0.0000       90.00      107.00      0.0000       90.00      107.00      0.0010      -90.00
      108.00      0.0030      -90.00      108.00      0.0000       90.00      108.00      0.0000       90.00      108.00      0.0000       90.00      108.00      0.0015      -90.00      108.00      0.0000       90.00      108.00      0.0000       90.00      108.00      0.0000       90.00      108.00      0.0010      -90.00
      109.00      0.0030      -90.00      109.00      0.0000       90.00      109.00      0.0000       90.00      109.00      0.0000       90.00      109.00      0.0015      -90.00      109.00      0.0000       90.00      109.00      0.0000       90.00      109.00      0.0000       90.00      109.00      0.0010      -90.00
      110.00      0.0029      -90.00      110.00      0.0000       90.00      110.00      0.0000       90.00      110.00      0.0000       90.00      110.00      0.0015      -90.00      110.00      0.0000       90.00      110.00      0.0000       90.00      110.00      0.0000       90.00      110.00      0.0010      -90.00
      111.00      0.0029      -90.00      111.00      0.0000       90.00      111.00      0.0000       90.00      111.00      0.0000       90.00      111.00      0.0014      -90.00      111.00      0.0000       90.00      111.00      0.0000       90.00      111.00      0.0000       90.00      111.00      0.0010      -90.00
      112.00      0.0029      -90.00      112.00      0.0000       90.00      112.00      0.0000       90.00      112.00      0.0000       90.00      112.00      0.0014      -90.00      112.00      0.0000       90.00      112.00      0.0000       90.00      112.00      0.0000       90.00      112.00      0.0010      -90.00
      113.00      0.0029      -90.00      113.00      0.0000       90.00      113.00      0.0000       90.00      113.00      0.0000       90.00      113.00      0.0014      -90.00      113.00      0.0000       90.00      113.00      0.0000       90.00      113.00      0.0000       90.00      113.00      0.0009      -90.00
      114.00      0.0028      -90.00      114.00      0.0000       90.00      114.00      0.0000       90.00      114.00      0.0000       90.00      114.00      0.0014      -90.00      114.00      0.0000       90.00      114.00      0.0000       90.00      114.00      0.0000       90.00      114.00      0.0009      -90.00
      115.00      0.0028      -90.00      115.00      0.0000       90.00      115.00      0.0000       90.00      115.00      0.0000       90.00      115.00      0.0014      -90.00      115.00      0.0000       90.00      115.00      0.0000       90.00      115.00      0.0000       90.00      115.00      0.0009      -90.00
      116.00      0.0028      -90.00      116.00      0.0000       90.00      116.00      0.0000       90.00      116.00      0.0000       90.00      116.00      0.0014      -90.00      116.00      0.0000       90.00      116.00      0.0000       90.00      116.00      0.0000       90.00      116.00      0.0009      -90.00
      117.00      0.0028      -90.00      117.00      0.0000       90.00      117.00      0.0000       90.00      117.00      0.0000       90.00      117.00      0.0014      -90.00      117.00      0.0000       90.00      117.00      0.0000       90.00      117.00      0.0000       90.00      117.00      0.0009      -90.00
      118.00      0.0027      -90.00      118.00      0.0000       90.00      118.00      0.0000       90.00      118.00      0.0000       90.00      118.00      0.0014      -90.00      118.00      0.0000       90.00      118.00      0.0000       90.00      118.00      0.0000       90.00      118.00      0.0009      -90.00
      119.00      0.0027      -90.00      119.00      0.0000       90.00      119.00      0.0000       90.00      119.00      0.0000       90.00      119.00      0.0013      -90.00      119.00      0.0000       90.00      119.00      0.0000       90.00      119.00      0.0000       90.00      119.00      0.0009      -90.00
      120.00      0.0027      -90.00      120.00      0.0000       90.00      120.00      0.0000       90.00      120.00      0.0000       90.00      120.00      0.0013      -90.00      120.00      0.0000       90.00      120.00      0.0000       90.00      120.00      0.0000       90.00      120.00      0.0009      -90.00
      121.00      0.0027      -90.00      121.00      0.0000       90.00      121.00      0.0000       90.00      121.00      0.0000       90.00      121.00      0.0013      -90.00      121.00      0.0000       90.00      121.00      0.0000       90.00      121.00      0.0000       90.00      121.00      0.0009      -90.00
      122.00      0.0026      -90.00      122.00      0.0000       90.00      122.00      0.0000       90.00      122.00      0.0000       90.00      122.00      0.0013      -90.00      122.00      0.0000       90.00      122.00      0.0000       90.00      122.00      0.0000       90.00      122.00      0.0009      -90.00
      123.00      0.0026      -90.00      123.00      0.0000       90.00      123.00      0.0000       90.00      123.00      0.0000       90.00      123.00      0.0013      -90.00      123.00      0.0000       90.00      123.00      0.0000       90.00      123.00      0.0000       90.00      123.00      0.0009      -90.00
      124.00      0.0026      -90.00      124.00      0.0000       90.00      124.00      0.0000       90.00      124.00      0.0000       90.00      124.00      0.0013      -90.00      124.00      0.0000       90.00      124.00      0.0000       90.00      124.00      0.0000       90.00      124.00      0.0009      -90.00
      125.00      0.0026      -90.00      125.00      0.0000       90.00      125.00      0.0000       90.00      125.00      0.0000       90.00      125.00      0.0013      -90.00      125.00      0.0000       90.00      125.00      0.0000       90.00      125.00      0.0000       90.00      125.00      0.0009      -90.00
      126.00      0.0026      -90.00      126.00      0.0000       90.00      126.00      0.0000       90.00      126.00      0.0000       90.00      126.00      0.0013      -90.00      126.00      0.0000       90.00      126.00      0.0000       90.00      126.00      0.0000       90.00      126.00      0.0008      -90.00
      127.00      0.0025      -90.00      127.00      0.0000       90.00      127.00      0.0000       90.00      127.00      0.0000       90.00      127.00      0.0013      -90.00      127.00      0.0000       90.00      127.00      0.0000       90.00      127.00      0.0000       90.00      127.00      0.0008      -90.00
      128.00      0.0025      -90.00      128.00      0.0000       90.00      128.00      0.0000       90.00      128.00      0.0000       90.00      128.00      0.0012      -90.00      128.00      0.0000       90.00      128.00      0.0000       90.00      128.00      0.0000       90.00      128.00      0.0008      -90.00
      129.00      0.0025      -90.00      129.00      0.0000       90.00      129.00      0.0000       90.00      129.00      0.0000       90.00      129.00      0.0012      -90.00      129.00      0.0000       90.00      129.00      0.0000       90.00      129.00      0.0000       90.00      129.00      0.0008      -90.00
      130.00      0.0025      -90.00      130.00      0.0000       90.00      130.00      0.0000       90.00      130.00      0.0000       90.00      130.00      0.0012      -90.00      130.00      0.0000       90.00      130.00      0.0000       90.00      130.00      0.0000       90.00      130.00      0.0008      -90.00
      131.00      0.0025      -90.00      131.00      0.0000       90.00      131.00      0.0000       90.00      131.00      0.0000       90.00      131.00      0.0012      -90.00      131.00      0.0000       90.00      131.00      0.0000       90.00      131.00      0.0000       90.00      131.00      0.0008      -90.00
      132.00      0.0024      -90.00      132.00      0.0000       90.00      132.00      0.0000       90.00      132.00      0.0000       90.00      132.00      0.0012      -90.00      132.00      0.0000       90.00      132.00      0.0000       90.00      132.00      0.0000       90.00      132.00      0.0008      -90.00
      133.00      0.0024      -90.00      133.00      0.0000       90.00      133.00      0.0000       90.00      133.00      0.0000       90.00      133.00      0.0012      -90.00      133.00      0.0000       90.00      133.00      0.0000       90.00      133.00      0.0000       90.00      133.00      0.0008      -90.00
      134.00      0.0024      -90.00      134.00      0.0000       90.00      134.00      0.0000       90.00      134.00      0.0000       90.00      134.00      0.0012      -90.00      134.00      0.0000       90.00      134.00      0.0000       90.00      134.00      0.0000       90.00      134.00      0.0008      -90.00
      135.00      0.0024      -90.00      135.00      0.0000       90.00      135.00      0.0000       90.00      135.00      0.0000       90.00      135.00      0.0012      -90.00      135.00      0.0000       90.00      135.00      0.0000       90.00      135.00      0.0000       90.00      135.00      0.0008      -90.00
      136.00      0.0024      -90.00      136.00      0.0000       90.00      136.00      0.0000       90.00      136.00      0.0000       90.00      136.00      0.0012      -90.00      136.00      0.0000       90.00      136.00      0.0000       90.00      136.00      0.0000       90.00      136.00      0.0008      -90.00
      137.00      0.0023      -90.00      137.00      0.0000       90.00      137.00      0.0000       90.00      137.00      0.0000       90.00      137.00      0.0012      -90.00      137.00      0.0000       90.00      137.00      0.0000       90.00      137.00      0.0000       90.00      137.00      0.0008      -90.00
      138.00      0.0023      -90.00      138.00      0.0000       90.00      138.00      0.0000       90.00      138.00      0.0000       90.00      138.00      0.0012      -90.00      138.00      0.0000       90.00      138.00      0.0000       90.00      138.00      0.0000       90.00      138.00      0.0008      -90.00
      139.00      0.0023      -90.00      139.00      0.0000       90.00      139.00      0.0000       90.00      139.00      0.0000       90.00      139.00      0.0011      -90.00      139.00      0.0000       90.00      139.00      0.0000       90.00      139.00      0.0000       90.00      139.00      0.0008      -90.00
      140.00      0.0023      -90.00      140.00      0.0000       90.00      140.00      0.0000       90.00      140.00      0.0000       90.00      140.00      0.0011      -90.00      140.00      0.0000       90.00      140.00      0.0000       90.00      140.00      0.0000       90.00      140.00      0.0008      -90.00
      141.00      0.0023      -90.00      141.00      0.0000       90.00      141.00      0.0000       90.00      141.00      0.0000       90.00      141.00      0.0011      -90.00      141.00      0.0000       90.00      141.00      0.0000       90.00      141.00      0.0000       90.00      141.00      0.0008      -90.00
      142.00      0.0023      -90.00      142.00      0.0000       90.00      142.00      0.0000       90.00      142.00      0.0000       90.00      142.00      0.0011      -90.00      142.00      0.0000       90.00      142.00      0.0000       90.00      142.00      0.0000       90.00      142.00      0.0007      -90.00
      143.00      0.0022      -90.00      143.00      0.0000       90.00      143.00      0.0000       90.00      143.00      0.0000       90.00      143.00      0.0011      -90.00      143.00      0.0000       90.00      143.00      0.0000       90.00      143.00      0.0000       90.00      143.00      0.0007      -90.00
      144.00      0.0022      -90.00      144.00      0.0000       90.00      144.00      0.0000       90.00      144.00      0.0000       90.00      144.00      0.0011      -90.00      144.00      0.0000       90.00      144.00      0.0000       90.00      144.00      0.0000       90.00      144.00      0.0007      -90.00
      145.00      0.0022      -90.00      145.00      0.0000       90.00      145.00      0.0000       90.00      145.00      0.0000       90.00      145.00      0.0011      -90.00      145.00      0.0000       90.00      145.00      0.0000       90.00      145.00      0.0000       90.00      145.00      0.0007      -90.00
      146.00      0.0022      -90.00      146.00      0.0000       90.00      146.00      0.0000       90.00      146.00      0.0000       90.00      146.00      0.0011      -90.00      146.00      0.0000       90.00      146.00      0.0000       90.00      146.00      0.0000       90.00      146.00      0.0007      -90.00
      147.00      0.0022      -90.00      147.00      0.0000       90.00      147.00      0.0000       90.00      147.00      0.0000       90.00      147.00      0.0011      -90.00      147.00      0.0000       90.00      147.00      0.0000       90.00      147.00      0.0000       90.00      147.00      0.0007      -90.00
      148.00      0.0022      -90.00      148.00      0.0000       90.00      148.00      0.0000       90.00      148.00      0.0000       90.00      148.00      0.0011      -90.00      148.00      0.0000       90.00      148.00      0.0000       90.00      148.00      0.0000       90.00      148.00      0.0007      -90.00
      149.00      0.0022      -90.00      149.00      0.0000       90.00      149.00      0.0000       90.00      149.00      0.0000       90.00      149.00      0.0011      -90.00      149.00      0.0000       90.00      149.00      0.0000       90.00      149.00      0.0000       90.00      149.00      0.0007      -90.00
      150.00      0.0021      -90.00      150.00      0.0000       90.00      150.00      0.0000       90.00      150.00      0.0000       90.00      150.00      0.0011      -90.00      150.00      0.0000       90.00      150.00      0.0000       90.00      150.00      0.0000       90.00      150.00      0.0007      -90.00
      151.00      0.0021      -90.00      151.00      0.0000       90.00      151.00      0.0000       90.00      151.00      0.0000       90.00      151.00      0.0011      -90.00      151.00      0.0000       90.00      151.00      0.0000       90.00      151.00      0.0000       90.00      151.00      0.0007      -90.00
      152.00      0.0021      -90.00      152.00      0.0000       90.00      152.00      0.0000       90.00      152.00      0.0000       90.00      152.00      0.0011      -90.00      152.00      0.0000       90.00      152.00      0.0000       90.00      152.00      0.0000       90.00      152.00      0.0007      -90.00
      153.00      0.0021      -90.00      153.00      0.0000       90.00      153.00      0.0000       90.00      153.00      0.0000       90.00      153.00      0.0010      -90.00      153.00      0.0000       90.00      153.00      0.0000       90.00      153.00      0.0000       90.00      153.00      0.0007      -90.00
      154.00      0.0021      -90.00      154.00      0.0000       90.00      154.00      0.0000       90.00      154.00      0.0000       90.00      154.00      0.0010      -90.00      154.00      0.0000       90.00      154.00      0.0000       90.00      154.00      0.0000       90.00      154.00      0.0007      -90.00
      155.00      0.0021      -90.00      155.00      0.0000       90.00      155.00      0.0000       90.00      155.00      0.0000       90.00      155.00      0.0010      -90.00      155.00      0.0000       90.00      155.00      0.0000       90.00      155.00      0.0000       90.00      155.00      0.0007      -90.00
      156.00      0.0021      -90.00      156.00      0.0000       90.00      156.00      0.0000       90.00      156.00      0.0000       90.00      156.00      0.0010      -90.00      156.00      0.0000       90.00      156.00      0.0000       90.00      156.00      0.0000       90.00      156.00      0.0007      -90.00
      157.00      0.0020      -90.00      157.00      0.0000       90.00      157.00      0.0000       90.00      157.00      0.0000       90.00      157.00      0.0010      -90.00      157.00      0.0000       90.00      157.00      0.0000       90.00      157.00      0.0000       90.00      157.00      0.0007      -90.00
      158.00      0.0020      -90.00      158.00      0.0000       90.00      158.00      0.0000       90.00      158.00      0.0000       90.00      158.00      0.0010      -90.00      158.00      0.0000       90.00      158.00      0.0000       90.00      158.00      0.0000       90.00      158.00      0.0007      -90.00
      159.00      0.0020      -90.00      159.00      0.0000       90.00      159.00      0.0000       90.00      159.00      0.0000       90.00      159.00      0.0010      -90.00      159.00      0.0000       90.00      159.00      0.0000       90.00      159.00      0.0000       90.00      159.00      0.0007      -90.00
      160.00      0.0020      -90.00      160.00      0.0000       90.00      160.00      0.0000       90.00      160.00      0.0000       90.00      160.00      0.0010      -90.00      160.00      0.0000       90.00      160.00      0.0000       90.00      160.00      0.0000       90.00      160.00      0.0007      -90.00
      161.00      0.0020      -90.00      161.00      0.0000       90.00      161.00      0.0000       90.00      161.00      0.0000       90.00      161.00      0.0010      -90.00      161.00      0.0000       90.00      161.00      0.0000       90.00      161.00      0.0000       90.00      161.00      0.0007      -90.00
      162.00      0.0020      -90.00      162.00      0.0000       90.00      162.00      0.0000       90.00      162.00      0.0000       90.00      162.00      0.0010      -90.00      162.00      0.0000       90.00      162.00      0.0000       90.00      162.00      0.0000       90.00      162.00      0.0007      -90.00
      163.00      0.0020      -90.00      163.00      0.0000       90.00      163.00      0.0000       90.00      163.00      0.0000       90.00      163.00      0.0010      -90.00      163.00      0.0000       90.00      163.00      0.0000       90.00      163.00      0.0000       90.00      163.00      0.0007      -90.00
      164.00      0.0020      -90.00      164.00      0.0000       90.00      164.00      0.0000       90.00      164.00      0.0000       90.00      164.00      0.0010      -90.00      164.00      0.0000       90.00      164.00      0.0000       90.00      164.00      0.0000       90.00      164.00      0.0006      -90.00
      165.00      0.0019      -90.00      165.00      0.0000       90.00      165.00      0.0000       90.00      165.00      0.0000       90.00      165.00      0.0010      -90.00      165.00      0.0000       90.00      165.00      0.0000       90.00      165.00      0.0000       90.00      165.00      0.0006      -90.00
      166.00      0.0019      -90.00      166.00      0.0000       90.00      166.00      0.0000       90.00      166.00      0.0000       90.00      166.00      0.0010      -90.00      166.00      0.0000       90.00      166.00      0.0000       90.00      166.00      0.0000       90.00      166.00      0.0006      -90.00
      167.00      0.0019      -90.00      167.00      0.0000       90.00      167.00      0.0000       90.00      167.00      0.0000       90.00      167.00      0.0010      -90.00      167.00      0.0000       90.00      167.00      0.0000       90.00      167.00      0.0000       90.00      167.00      0.0006      -90.00
      168.00      0.0019      -90.00      168.00      0.0000       90.00      168.00      0.0000       90.00      168.00      0.0000       90.00      168.00      0.0009      -90.00      168.00      0.0000       90.00      168.00      0.0000       90.00      168.00      0.0000       90.00      168.00      0.0006      -90.00
      169.00      0.0019      -90.00      169.00      0.0000       90.00      169.00      0.0000       90.00      169.00      0.0000       90.00      169.00      0.0009      -90.00      169.00      0.0000       90.00      169.00      0.0000       90.00      169.00      0.0000       90.00      169.00      0.0006      -90.00
      170.00      0.0019      -90.00      170.00      0.0000       90.00      170.00      0.0000       90.00      170.00      0.0000       90.00      170.00      0.0009      -90.00      170.00      0.0000       90.00      170.00      0.0000       90.00      170.00      0.0000       90.00      170.00      0.0006      -90.00
      171.00      0.0019      -90.00      171.00      0.0000       90.00      171.00      0.0000       90.00      171.00      0.0000       90.00      171.00      0.0009      -90.00      171.00      0.0000       90.00      171.00      0.0000       90.00      171.00      0.0000       90.00      171.00      0.0006      -90.00
      172.00      0.0019      -90.00      172.00      0.0000       90.00      172.00      0.0000       90.00      172.00      0.0000       90.00      172.00      0.0009      -90.00      172.00      0.0000       90.00      172.00      0.0000       90.00      172.00      0.0000       90.00      172.00      0.0006      -90.00
      173.00      0.0018      -90.00      173.00      0.0000       90.00      173.00      0.0000       90.00      173.00      0.0000       90.00      173.00      0.0009      -90.00      173.00      0.0000       90.00      173.00      0.0000       90.00      173.00      0.0000       90.00      173.00      0.0006      -90.00
      174.00      0.0018      -90.00      174.00      0.0000       90.00      174.00      0.0000       90.00      174.00      0.0000       90.00      174.00      0.0009      -90.00      174.00      0.0000       90.00      174.00      0.0000       90.00      174.00      0.0000       90.00      174.00      0.0006      -90.00
      175.00      0.0018      -90.00      175.00      0.0000       90.00      175.00      0.0000       90.00      175.00      0.0000       90.00      175.00      0.0009      -90.00      175.00      0.0000       90.00      175.00      0.0000       90.00      175.00      0.0000       90.00      175.00      0.0006      -90.00
      176.00      0.0018      -90.00      176.00      0.0000       90.00      176.00      0.0000       90.00      176.00      0.0000       90.00      176.00      0.0009      -90.00      176.00      0.0000       90.00      176.00      0.0000       90.00      176.00      0.0000       90.00      176.00      0.0006      -90.00
      177.00      0.0018      -90.00      177.00      0.0000       90.00      177.00      0.0000       90.00      177.00      0.0000       90.00      177.00      0.0009      -90.00      177.00      0.0000       90.00      177.00      0.0000       90.00      177.00      0.0000       90.00      177.00      0.0006      -90.00
      178.00      0.0018      -90.00      178.00      0.0000       90.00      178.00      0.0000       90.00      178.00      0.0000       90.00      178.00      0.0009      -90.00      178.00      0.0000       90.00      178.00      0.0000       90.00      178.00      0.0000       90.00      178.00      0.0006      -90.00
      179.00      0.0018      -90.00      179.00      0.0000       90.00      179.00      0.0000       90.00      179.00      0.0000       90.00      179.00      0.0009      -90.00      179.00      0.0000       90.00      179.00      0.0000       90.00      179.00      0.0000       90.00      179.00      0.0006      -90.00
      180.00      0.0018      -90.00      180.00      0.0000       90.00      180.00      0.0000       90.00      180.00      0.0000       90.00      180.00      0.0009      -90.00      180.00      0.0000       90.00      180.00      0.0000       90.00      180.00      0.0000       90.00      180.00      0.0006      -90.00
      181.00      0.0018      -90.00      181.00      0.0000       90.00      181.00      0.0000       90.00      181.00      0.0000       90.00      181.00      0.0009      -90.00      181.00      0.0000       90.00      181.00      0.0000       90.00      181.00      0.0000       90.00      181.00      0.0006      -90.00
      182.00      0.0018      -90.00      182.00      0.0000       90.00      182.00      0.0000       90.00      182.00      0.0000       90.00      182.00      0.0009      -90.00      182.00      0.0000       90.00      182.00      0.0000       90.00      182.00      0.0000       90.00      182.00      0.0006      -90.00
      183.00      0.0017      -90.00      183.00      0.0000       90.00      183.00      0.0000       90.00      183.00      0.0000       90.00      183.00      0.0009      -90.00      183.00      0.0000       90.00      183.00      0.0000       90.00      183.00      0.0000       90.00      183.00      0.0006      -90.00
      184.00      0.0017      -90.00      184.00      0.0000       90.00      184.00      0.0000       90.00      184.00      0.0000       90.00      184.00      0.0009      -90.00      184.00      0.0000       90.00      184.00      0.0000       90.00      184.00      0.0000       90.00      184.00      0.0006      -90.00
      185.00      0.0017      -90.00      185.00      0.0000       90.00      185.00      0.0000       90.00      185.00      0.0000       90.00      185.00      0.0009      -90.00      185.00      0.0000       90.00      185.00      0.0000       90.00      185.00      0.0000       90.00      185.00      0.0006      -90.00
      186.00      0.0017      -90.00      186.00      0.0000       90.00      186.00      0.0000       90.00      186.00      0.0000       90.00      186.00      0.0009      -90.00      186.00      0.0000       90.00      186.00      0.0000       90.00      186.00      0.0000       90.00      186.00      0.0006      -90.00
      187.00      0.0017      -90.00      187.00      0.0000       90.00      187.00      0.0000       90.00      187.00      0.0000       90.00      187.00      0.0009      -90.00      187.00      0.0000       90.00      187.00      0.0000       90.00      187.00      0.0000       90.00      187.00      0.0006      -90.00
      188.00      0.0017      -90.00      188.00      0.0000       90.00      188.00      0.0000       90.00      188.00      0.0000       90.00      188.00      0.0008      -90.00      188.00      0.0000       90.00      188.00      0.0000       90.00      188.00      0.0000       90.00      188.00      0.0006      -90.00
      189.00      0.0017      -90.00      189.00      0.0000       90.00      189.00      0.0000       90.00      189.00      0.0000       90.00      189.00      0.0008      -90.00      189.00      0.0000       90.00      189.00      0.0000       90.00      189.00      0.0000       90.00      189.00      0.0006      -90.00
      190.00      0.0017      -90.00      190.00      0.0000       90.00      190.00      0.0000       90.00      190.00      0.0000       90.00      190.00      0.0008      -90.00      190.00      0.0000       90.00      190.00      0.0000       90.00      190.00      0.0000       90.00      190.00      0.0006      -90.00
      191.00      0.0017      -90.00      191.00      0.0000       90.00      191.00      0.0000       90.00      191.00      0.0000       90.00      191.00      0.0008      -90.00      191.00      0.0000       90.00      191.00      0.0000       90.00      191.00      0.0000       90.00      191.00      0.0006      -90.00
      192.00      0.0017      -90.00      192.00      0.0000       90.00      192.00      0.0000       90.00      192.00      0.0000       90.00      192.00      0.0008      -90.00      192.00      0.0000       90.00      192.00      0.0000       90.00      192.00      0.0000       90.00      192.00      0.0006      -90.00
      193.00      0.0017      -90.00      193.00      0.0000       90.00      193.00      0.0000       90.00      193.00      0.0000       90.00      193.00      0.0008      -90.00      193.00      0.0000       90.00      193.00      0.0000       90.00      193.00      0.0000       90.00      193.00      0.0006      -90.00
      194.00      0.0016      -90.00      194.00      0.0000       90.00      194.00      0.0000       90.00      194.00      0.0000       90.00      194.00      0.0008      -90.00      194.00      0.0000       90.00      194.00      0.0000       90.00      194.00      0.0000       90.00      194.00      0.0005      -90.00
      195.00      0.0016      -90.00      195.00      0.0000       90.00      195.00      0.0000       90.00      195.00      0.0000       90.00      195.00      0.0008      -90.00      195.00      0.0000       90.00      195.00      0.0000       90.00      195.00      0.0000       90.00      195.00      0.0005      -90.00
      196.00      0.0016      -90.00      196.00      0.0000       90.00      196.00      0.0000       90.00      196.00      0.0000       90.00      196.00      0.0008      -90.00      196.00      0.0000       90.00      196.00      0.0000       90.00      196.00      0.0000       90.00      196.00      0.0005      -90.00
      197.00      0.0016      -90.00      197.00      0.0000       90.00      197.00      0.0000       90.00      197.00      0.0000       90.00      197.00      0.0008      -90.00      197.00      0.0000       90.00      197.00      0.0000       90.00      197.00      0.0000       90.00      197.00      0.0005      -90.00
      198.00      0.0016      -90.00      198.00      0.0000       90.00      198.00      0.0000       90.00      198.00      0.0000       90.00      198.00      0.0008      -90.00      198.00      0.0000       90.00      198.00      0.0000       90.00      198.00      0.0000       90.00      198.00      0.0005      -90.00
      199.00      0.0016      -90.00      199.00      0.0000       90.00      199.00      0.0000       90.00      199.00      0.0000       90.00      199.00      0.0008      -90.00      199.00      0.0000       90.00      199.00      0.0000       90.00      199.00      0.0000       90.00      199.00      0.0005      -90.00
      200.00      0.0016      -90.00      200.00      0.0000       90.00      200.00      0.0000       90.00      200.00      0.0000       90.00      200.00      0.0008      -90.00      200.00      0.0000       90.00      200.00      0.0000       90.00      200.00      0.0000       90.00      200.00      0.0005      -90.00

Natural Frequencies:
13.0254
4.90613
9.21425

Hysteretic proportional damping:
Frequencies:
(13.0295,0.325533)
(4.90766,0.122615)
(9.21712,0.230284)
