    Freq(Hz)    Mag(0,0)  Phase(0,0)    Freq(Hz)    Mag(0,1)  Phase(0,1)    Freq(Hz)    Mag(0,2)  Phase(0,2)    Freq(Hz)    Mag(1,0)  Phase(1,0)    Freq(Hz)    Mag(1,1)  Phase(1,1)    Freq(Hz)    Mag(1,2)  Phase(1,2)    Freq(Hz)    Mag(2,0)  Phase(2,0)    Freq(Hz)    Mag(2,1)  Phase(2,1)    Freq(Hz)    Mag(2,2)  Phase(2,2)
        1.00      0.0005       -0.00        1.00      0.0003       -0.00        1.00      0.0003       -0.00        1.00      0.0003       -0.00        1.00      0.0005       -0.00        1.00      0.0003       -0.00        1.00      0.0003       -0.00        1.00      0.0003       -0.00        1.00      0.0005       -0.00
        2.00      0.0006       -0.00        2.00      0.0003       -0.00        2.00      0.0003       -0.00        2.00      0.0003       -0.00        2.00      0.0006       -0.00        2.00      0.0003       -0.00        2.00      0.0003       -0.00        2.00      0.0003       -0.00        2.00      0.0006       -0.00
        3.00      0.0007       -0.00        3.00      0.0004       -0.00        3.00      0.0004       -0.01        3.00      0.0004       -0.00        3.00      0.0007       -0.00        3.00      0.0005       -0.01        3.00      0.0004       -0.01        3.00      0.0005       -0.01        3.00      0.0008       -0.00
        4.00      0.0010       -0.01        4.00      0.0008       -0.01        4.00      0.0009       -0.01        4.00      0.0008       -0.01        4.00      0.0011       -0.01        4.00      0.0009       -0.01        4.00      0.0009       -0.01        4.00      0.0009       -0.01        4.00      0.0014       -0.01
        5.00      0.0055     -179.92        5.00      0.0068     -179.92        5.00      0.0081     -179.92        5.00      0.0068     -179.92        5.00      0.0076     -179.92        5.00      0.0094     -179.92        5.00      0.0081     -179.92        5.00      0.0094     -179.92        5.00      0.0109     -179.92
        6.00      0.0001     -179.97        6.00      0.0005     -179.99        6.00      0.0007     -179.99        6.00      0.0005     -179.99        6.00      0.0003     -179.98        6.00      0.0009     -180.00        6.00      0.0007     -179.99        6.00      0.0009     -180.00        6.00      0.0007     -179.99
        7.00      0.0002       -0.01        7.00      0.0002     -180.00        7.00      0.0004     -180.00        7.00      0.0002     -180.00        7.00      0.0002       -0.01        7.00      0.0006     -180.00        7.00      0.0004     -180.00        7.00      0.0006     -180.00        7.00      0.0002     -179.99
        8.00      0.0003       -0.00        8.00      0.0001     -179.98        8.00      0.0004      180.00        8.00      0.0001     -179.98        8.00      0.0006       -0.01        8.00      0.0007      180.00        8.00      0.0004      180.00        8.00      0.0007      180.00        8.00      0.0000       -0.03
        9.00      0.0007       -0.01        9.00      0.0009       -0.02        9.00      0.0009      179.99        9.00      0.0009       -0.02        9.00      0.0039       -0.02        9.00      0.0026      179.98        9.00      0.0009      179.99        9.00      0.0026      179.98        9.00      0.0014       -0.02
       10.00      0.0005       -0.00       10.00      0.0005     -180.00       10.00      0.0000        0.06       10.00      0.0005     -180.00       10.00      0.0011     -180.00       10.00      0.0005        0.01       10.00      0.0000        0.06       10.00      0.0005        0.01       10.00      0.0005     -180.00
       11.00      0.0008       -0.00       11.00      0.0004      180.00       11.00      0.0001      180.00       11.00      0.0004      180.00       11.00      0.0005     -180.00       11.00      0.0002        0.00       11.00      0.0001      180.00       11.00      0.0002        0.00       11.00      0.0003     -180.00
       12.00      0.0016       -0.00       12.00      0.0005      180.00       12.00      0.0002      180.00       12.00      0.0005      180.00       12.00      0.0002     -180.00       12.00      0.0001        0.00       12.00      0.0002      180.00       12.00      0.0001        0.00       12.00      0.0002     -180.00
       13.00      0.0665       -0.11       13.00      0.0162      179.89       13.00      0.0072      179.89       13.00      0.0162      179.89       13.00      0.0036       -0.12       13.00      0.0018       -0.11       13.00      0.0072      179.89       13.00      0.0018       -0.11       13.00      0.0006       -0.14
       14.00      0.0017     -180.00       14.00      0.0003        0.00       14.00      0.0002        0.00       14.00      0.0003        0.00       14.00      0.0003     -180.00       14.00      0.0000     -179.99       14.00      0.0002        0.00       14.00      0.0000     -179.99       14.00      0.0001     -180.00
       15.00      0.0008     -180.00       15.00      0.0001        0.00       15.00      0.0001        0.00       15.00      0.0001        0.00       15.00      0.0002     -180.00       15.00      0.0000       -0.00       15.00      0.0001        0.00       15.00      0.0000       -0.00       15.00      0.0001     -180.00
       16.00      0.0005     -180.00       16.00      0.0001        0.00       16.00      0.0000        0.00       16.00      0.0001        0.00       16.00      0.0002     -180.00       16.00      0.0000        0.00       16.00      0.0000        0.00       16.00      0.0000        0.00       16.00      0.0001     -180.00
       17.00      0.0004     -180.00       17.00      0.0000        0.00       17.00      0.0000        0.00       17.00      0.0000        0.00       17.00      0.0001     -180.00       17.00      0.0000        0.00       17.00      0.0000        0.00       17.00      0.0000        0.00       17.00      0.0001     -180.00
       18.00      0.0003     -180.00       18.00      0.0000        0.00       18.00      0.0000        0.00       18.00      0.0000        0.00       18.00      0.0001     -180.00       18.00      0.0000        0.00       18.00      0.0000        0.00       18.00      0.0000        0.00       18.00      0.0001     -180.00
       19.00      0.0003     -180.00       19.00      0.0000        0.00       19.00      0.0000        0.00       19.00      0.0000        0.00       19.00      0.0001     -180.00       19.00      0.0000        0.00       19.00      0.0000        0.00       19.00      0.0000        0.00       19.00      0.0001     -180.00
       20.00      0.0002     -180.00       20.00      0.0000        0.00       20.00      0.0000        0.00       20.00      0.0000        0.00       20.00      0.0001     -180.00       20.00      0.0000        0.00       20.00      0.0000        0.00       20.00      0.0000        0.00       20.00      0.0000     -180.00
       21.00      0.0002     -180.00       21.00      0.0000        0.00       21.00      0.0000        0.00       21.00      0.0000        0.00       21.00      0.0001     -180.00       21.00      0.0000        0.00       21.00      0.0000        0.00       21.00      0.0000        0.00       21.00      0.0000     -180.00
       22.00      0.0002     -180.00       22.00      0.0000        0.00       22.00      0.0000        0.00       22.00      0.0000        0.00       22.00      0.0001     -180.00       22.00      0.0000        0.00       22.00      0.0000        0.00       22.00      0.0000        0.00       22.00      0.0000     -180.00
       23.00      0.0001     -180.00       23.00      0.0000        0.00       23.00      0.0000        0.00       23.00      0.0000        0.00       23.00      0.0001     -180.00       23.00      0.0000        0.00       23.00      0.0000        0.00       23.00      0.0000        0.00       23.00      0.0000     -180.00
       24.00      0.0001     -180.00       24.00      0.0000        0.00       24.00      0.0000        0.00       24.00      0.0000        0.00       24.00      0.0001     -180.00       24.00      0.0000        0.00       24.00      0.0000        0.00       24.00      0.0000        0.00       24.00      0.0000     -180.00
       25.00      0.0001     -180.00       25.00      0.0000        0.00       25.00      0.0000        0.00       25.00      0.0000        0.00       25.00      0.0000     -180.00       25.00      0.0000        0.00       25.00      0.0000        0.00       25.00      0.0000        0.00       25.00      0.0000     -180.00
       26.00      0.0001     -180.00       26.00      0.0000        0.00       26.00      0.0000        0.00       26.00      0.0000        0.00       26.00      0.0000     -180.00       26.00      0.0000        0.00       26.00      0.0000        0.00       26.00      0.0000        0.00       26.00      0.0000     -180.00
       27.00      0.0001     -180.00       27.00      0.0000        0.00       27.00      0.0000        0.00       27.00      0.0000        0.00       27.00      0.0000     -180.00       27.00      0.0000        0.00       27.00      0.0000        0.00       27.00      0.0000        0.00       27.00      0.0000     -180.00
       28.00      0.0001     -180.00       28.00      0.0000        0.00       28.00      0.0000        0.00       28.00      0.0000        0.00       28.00      0.0000     -180.00       28.00      0.0000        0.00       28.00      0.0000        0.00       28.00      0.0000        0.00       28.00      0.0000     -180.00
       29.00      0.0001     -180.00       29.00      0.0000        0.00       29.00      0.0000        0.00       29.00      0.0000        0.00       29.00      0.0000     -180.00       29.00      0.0000        0.00       29.00      0.0000        0.00       29.00      0.0000        0.00       29.00      0.0000     -180.00
       30.00      0.0001     -180.00       30.00      0.0000        0.00       30.00      0.0000        0.00       30.00      0.0000        0.00       30.00      0.0000     -180.00       30.00      0.0000        0.00       30.00      0.0000        0.00       30.00      0.0000        0.00       30.00      0.0000     -180.00
       31.00      0.0001     -180.00       31.00      0.0000        0.00       31.00      0.0000        0.00       31.00      0.0000        0.00       31.00      0.0000     -180.00       31.00      0.0000        0.00       31.00      0.0000        0.00       31.00      0.0000        0.00       31.00      0.0000     -180.00
       32.00      0.0001     -180.00       32.00      0.0000        0.00       32.00      0.0000        0.00       32.00      0.0000        0.00       32.00      0.0000     -180.00       32.00      0.0000        0.00       32.00      0.0000        0.00       32.00      0.0000        0.00       32.00      0.0000     -180.00
       33.00      0.0001     -180.00       33.00      0.0000        0.00       33.00      0.0000        0.00       33.00      0.0000        0.00       33.00      0.0000     -180.00       33.00      0.0000        0.00       33.00      0.0000        0.00       33.00      0.0000        0.00       33.00      0.0000     -180.00
       34.00      0.0001     -180.00       34.00      0.0000        0.00       34.00      0.0000        0.00       34.00      0.0000        0.00       34.00      0.0000     -180.00       34.00      0.0000        0.00       34.00      0.0000        0.00       34.00      0.0000        0.00       34.00      0.0000     -180.00
       35.00      0.0000     -180.00       35.00      0.0000        0.00       35.00      0.0000        0.00       35.00      0.0000        0.00       35.00      0.0000     -180.00       35.00      0.0000        0.00       35.00      0.0000        0.00       35.00      0.0000        0.00       35.00      0.0000     -180.00
       36.00      0.0000     -180.00       36.00      0.0000        0.00       36.00      0.0000        0.00       36.00      0.0000        0.00       36.00      0.0000     -180.00       36.00      0.0000        0.00       36.00      0.0000        0.00       36.00      0.0000        0.00       36.00      0.0000     -180.00
       37.00      0.0000     -180.00       37.00      0.0000        0.00       37.00      0.0000        0.00       37.00      0.0000        0.00       37.00      0.0000     -180.00       37.00      0.0000        0.00       37.00      0.0000        0.00       37.00      0.0000        0.00       37.00      0.0000     -180.00
       38.00      0.0000     -180.00       38.00      0.0000        0.00       38.00      0.0000        0.00       38.00      0.0000        0.00       38.00      0.0000     -180.00       38.00      0.0000        0.00       38.00      0.0000        0.00       38.00      0.0000        0.00       38.00      0.0000     -180.00
       39.00      0.0000     -180.00       39.00      0.0000        0.00       39.00      0.0000        0.00       39.00      0.0000        0.00       39.00      0.0000     -180.00       39.00      0.0000        0.00       39.00      0.0000        0.00       39.00      0.0000        0.00       39.00      0.0000     -180.00
       40.00      0.0000     -180.00       40.00      0.0000        0.00       40.00      0.0000        0.00       40.00      0.0000        0.00       40.00      0.0000     -180.00       40.00      0.0000        0.00       40.00      0.0000        0.00       40.00      0.0000        0.00       40.00      0.0000     -180.00
       41.00      0.0000     -180.00       41.00      0.0000        0.00       41.00      0.0000        0.00       41.00      0.0000        0.00       41.00      0.0000     -180.00       41.00      0.0000        0.00       41.00      0.0000        0.00       41.00      0.0000        0.00       41.00      0.0000     -180.00
       42.00      0.0000     -180.00       42.00      0.0000        0.00       42.00      0.0000        0.00       42.00      0.0000        0.00       42.00      0.0000     -180.00       42.00      0.0000        0.00       42.00      0.0000        0.00       42.00      0.0000        0.00       42.00      0.0000     -180.00
       43.00      0.0000     -180.00       43.00      0.0000        0.00       43.00      0.0000        0.00       43.00      0.0000        0.00       43.00      0.0000     -180.00       43.00      0.0000        0.00       43.00      0.0000        0.00       43.00      0.0000        0.00       43.00      0.0000     -180.00
       44.00      0.0000     -180.00       44.00      0.0000        0.00       44.00      0.0000        0.00       44.00      0.0000        0.00       44.00      0.0000     -180.00       44.00      0.0000        0.00       44.00      0.0000        0.00       44.00      0.0000        0.00       44.00      0.0000     -180.00
       45.00      0.0000     -180.00       45.00      0.0000        0.00       45.00      0.0000        0.00       45.00      0.0000        0.00       45.00      0.0000     -180.00       45.00      0.0000        0.00       45.00      0.0000        0.00       45.00      0.0000        0.00       45.00      0.0000     -180.00
       46.00      0.0000     -180.00       46.00      0.0000        0.00       46.00      0.0000        0.00       46.00      0.0000        0.00       46.00      0.0000     -180.00       46.00      0.0000        0.00       46.00      0.0000        0.00       46.00      0.0000        0.00       46.00      0.0000     -180.00
       47.00      0.0000     -180.00       47.00      0.0000        0.00       47.00      0.0000        0.00       47.00      0.0000        0.00       47.00      0.0000     -180.00       47.00      0.0000        0.00       47.00      0.0000        0.00       47.00      0.0000        0.00       47.00      0.0000     -180.00
       48.00      0.0000     -180.00       48.00      0.0000        0.00       48.00      0.0000        0.00       48.00      0.0000        0.00       48.00      0.0000     -180.00       48.00      0.0000        0.00       48.00      0.0000        0.00       48.00      0.0000        0.00       48.00      0.0000     -180.00
       49.00      0.0000     -180.00       49.00      0.0000        0.00       49.00      0.0000        0.00       49.00      0.0000        0.00       49.00      0.0000     -180.00       49.00      0.0000        0.00       49.00      0.0000        0.00       49.00      0.0000        0.00       49.00      0.0000     -180.00
       50.00      0.0000     -180.00       50.00      0.0000        0.00       50.00      0.0000        0.00       50.00      0.0000        0.00       50.00      0.0000     -180.00       50.00      0.0000        0.00       50.00      0.0000        0.00       50.00      0.0000        0.00       50.00      0.0000     -180.00
       51.00      0.0000     -180.00       51.00      0.0000        0.00       51.00      0.0000        0.00       51.00      0.0000        0.00       51.00      0.0000     -180.00       51.00      0.0000        0.00       51.00      0.0000        0.00       51.00      0.0000        0.00       51.00      0.0000     -180.00
       52.00      0.0000     -180.00       52.00      0.0000        0.00       52.00      0.0000        0.00       52.00      0.0000        0.00       52.00      0.0000     -180.00       52.00      0.0000        0.00       52.00      0.0000        0.00       52.00      0.0000        0.00       52.00      0.0000     -180.00
       53.00      0.0000     -180.00       53.00      0.0000        0.00       53.00      0.0000        0.00       53.00      0.0000        0.00       53.00      0.0000     -180.00       53.00      0.0000        0.00       53.00      0.0000        0.00       53.00      0.0000        0.00       53.00      0.0000     -180.00
       54.00      0.0000     -180.00       54.00      0.0000        0.00       54.00      0.0000        0.00       54.00      0.0000        0.00       54.00      0.0000     -180.00       54.00      0.0000        0.00       54.00      0.0000        0.00       54.00      0.0000        0.00       54.00      0.0000     -180.00
       55.00      0.0000     -180.00       55.00      0.0000        0.00       55.00      0.0000        0.00       55.00      0.0000        0.00       55.00      0.0000     -180.00       55.00      0.0000        0.00       55.00      0.0000        0.00       55.00      0.0000        0.00       55.00      0.0000     -180.00
       56.00      0.0000     -180.00       56.00      0.0000        0.00       56.00      0.0000        0.00       56.00      0.0000        0.00       56.00      0.0000     -180.00       56.00      0.0000        0.00       56.00      0.0000        0.00       56.00      0.0000        0.00       56.00      0.0000     -180.00
       57.00      0.0000     -180.00       57.00      0.0000        0.00       57.00      0.0000        0.00       57.00      0.0000        0.00       57.00      0.0000     -180.00       57.00      0.0000        0.00       57.00      0.0000        0.00       57.00      0.0000        0.00       57.00      0.0000     -180.00
       58.00      0.0000     -180.00       58.00      0.0000        0.00       58.00      0.0000        0.00       58.00      0.0000        0.00       58.00      0.0000     -180.00       58.00      0.0000        0.00       58.00      0.0000        0.00       58.00      0.0000        0.00       58.00      0.0000     -180.00
       59.00      0.0000     -180.00       59.00      0.0000        0.00       59.00      0.0000        0.00       59.00      0.0000        0.00       59.00      0.0000     -180.00       59.00      0.0000        0.00       59.00      0.0000        0.00       59.00      0.0000        0.00       59.00      0.0000     -180.00
       60.00      0.0000     -180.00       60.00      0.0000        0.00       60.00      0.0000        0.00       60.00      0.0000        0.00       60.00      0.0000     -180.00       60.00      0.0000        0.00       60.00      0.0000        0.00       60.00      0.0000        0.00       60.00      0.0000     -180.00
       61.00      0.0000     -180.00       61.00      0.0000        0.00       61.00      0.0000        0.00       61.00      0.0000        0.00       61.00      0.0000     -180.00       61.00      0.0000        0.00       61.00      0.0000        0.00       61.00      0.0000        0.00       61.00      0.0000     -180.00
       62.00      0.0000     -180.00       62.00      0.0000        0.00       62.00      0.0000        0.00       62.00      0.0000        0.00       62.00      0.0000     -180.00       62.00      0.0000        0.00       62.00      0.0000        0.00       62.00      0.0000        0.00       62.00      0.0000     -180.00
       63.00      0.0000     -180.00       63.00      0.0000        0.00       63.00      0.0000        0.00       63.00      0.0000        0.00       63.00      0.0000     -180.00       63.00      0.0000        0.00       63.00      0.0000        0.00       63.00      0.0000        0.00       63.00      0.0000     -180.00
       64.00      0.0000     -180.00       64.00      0.0000        0.00       64.00      0.0000        0.00       64.00      0.0000        0.00       64.00      0.0000     -180.00       64.00      0.0000        0.00       64.00      0.0000        0.00       64.00      0.0000        0.00       64.00      0.0000     -180.00
       65.00      0.0000     -180.00       65.00      0.0000        0.00       65.00      0.0000        0.00       65.00      0.0000        0.00       65.00      0.0000     -180.00       65.00      0.0000        0.00       65.00      0.0000        0.00       65.00      0.0000        0.00       65.00      0.0000     -180.00
       66.00      0.0000     -180.00       66.00      0.0000        0.00       66.00      0.0000        0.00       66.00      0.0000        0.00       66.00      0.0000     -180.00       66.00      0.0000        0.00       66.00      0.0000        0.00       66.00      0.0000        0.00       66.00      0.0000     -180.00
       67.00      0.0000     -180.00       67.00      0.0000        0.00       67.00      0.0000        0.00       67.00      0.0000        0.00       67.00      0.0000     -180.00       67.00      0.0000        0.00       67.00      0.0000        0.00       67.00      0.0000        0.00       67.00      0.0000     -180.00
       68.00      0.0000     -180.00       68.00      0.0000        0.00       68.00      0.0000        0.00       68.00      0.0000        0.00       68.00      0.0000     -180.00       68.00      0.0000        0.00       68.00      0.0000        0.00       68.00      0.0000        0.00       68.00      0.0000     -180.00
       69.00      0.0000     -180.00       69.00      0.0000        0.00       69.00      0.0000        0.00       69.00      0.0000        0.00       69.00      0.0000     -180.00       69.00      0.0000        0.00       69.00      0.0000        0.00       69.00      0.0000        0.00       69.00      0.0000     -180.00
       70.00      0.0000     -180.00       70.00      0.0000        0.00       70.00      0.0000        0.00       70.00      0.0000        0.00       70.00      0.0000     -180.00       70.00      0.0000        0.00       70.00      0.0000        0.00       70.00      0.0000        0.00       70.00      0.0000     -180.00
       71.00      0.0000     -180.00       71.00      0.0000        0.00       71.00      0.0000        0.00       71.00      0.0000        0.00       71.00      0.0000     -180.00       71.00      0.0000        0.00       71.00      0.0000        0.00       71.00      0.0000        0.00       71.00      0.0000     -180.00
       72.00      0.0000     -180.00       72.00      0.0000        0.00       72.00      0.0000        0.00       72.00      0.0000        0.00       72.00      0.0000     -180.00       72.00      0.0000        0.00       72.00      0.0000        0.00       72.00      0.0000        0.00       72.00      0.0000     -180.00
       73.00      0.0000     -180.00       73.00      0.0000        0.00       73.00      0.0000        0.00       73.00      0.0000        0.00       73.00      0.0000     -180.00       73.00      0.0000        0.00       73.00      0.0000        0.00       73.00      0.0000        0.00       73.00      0.0000     -180.00
       74.00      0.0000     -180.00       74.00      0.0000        0.00       74.00      0.0000        0.00       74.00      0.0000        0.00       74.00      0.0000     -180.00       74.00      0.0000        0.00       74.00      0.0000        0.00       74.00      0.0000        0.00       74.00      0.0000     -180.00
       75.00      0.0000     -180.00       75.00      0.0000        0.00       75.00      0.0000        0.00       75.00      0.0000        0.00       75.00      0.0000     -180.00       75.00      0.0000        0.00       75.00      0.0000        0.00       75.00      0.0000        0.00       75.00      0.0000     -180.00
       76.00      0.0000     -180.00       76.00      0.0000        0.00       76.00      0.0000        0.00       76.00      0.0000        0.00       76.00      0.0000     -180.00       76.00      0.0000        0.00       76.00      0.0000        0.00       76.00      0.0000        0.00       76.00      0.0000     -180.00
       77.00      0.0000     -180.00       77.00      0.0000        0.00       77.00      0.0000        0.00       77.00      0.0000        0.00       77.00      0.0000     -180.00       77.00      0.0000        0.00       77.00      0.0000        0.00       77.00      0.0000        0.00       77.00      0.0000     -180.00
       78.00      0.0000     -180.00       78.00      0.0000        0.00       78.00      0.0000        0.00       78.00      0.0000        0.00       78.00      0.0000     -180.00       78.00      0.0000        0.00       78.00      0.0000        0.00       78.00      0.0000        0.00       78.00      0.0000     -180.00
       79.00      0.0000     -180.00       79.00      0.0000        0.00       79.00      0.0000        0.00       79.00      0.0000        0.00       79.00      0.0000     -180.00       79.00      0.0000        0.00       79.00      0.0000        0.00       79.00      0.0000        0.00       79.00      0.0000     -180.00
       80.00      0.0000     -180.00       80.00      0.0000        0.00       80.00      0.0000        0.00       80.00      0.0000        0.00       80.00      0.0000     -180.00       80.00      0.0000        0.00       80.00      0.0000        0.00       80.00      0.0000        0.00       80.00      0.0000     -180.00
       81.00      0.0000     -180.00       81.00      0.0000        0.00       81.00      0.0000        0.00       81.00      0.0000        0.00       81.00      0.0000     -180.00       81.00      0.0000        0.00       81.00      0.0000        0.00       81.00      0.0000        0.00       81.00      0.0000     -180.00
       82.00      0.0000     -180.00       82.00      0.0000        0.00       82.00      0.0000        0.00       82.00      0.0000        0.00       82.00      0.0000     -180.00       82.00      0.0000        0.00       82.00      0.0000        0.00       82.00      0.0000        0.00       82.00      0.0000     -180.00
       83.00      0.0000     -180.00       83.00      0.0000        0.00       83.00      0.0000        0.00       83.00      0.0000        0.00       83.00      0.0000     -180.00       83.00      0.0000        0.00       83.00      0.0000        0.00       83.00      0.0000        0.00       83.00      0.0000     -180.00
       84.00      0.0000     -180.00       84.00      0.0000        0.00       84.00      0.0000        0.00       84.00      0.0000        0.00       84.00      0.0000     -180.00       84.00      0.0000        0.00       84.00      0.0000        0.00       84.00      0.0000        0.00       84.00      0.0000     -180.00
       85.00      0.0000     -180.00       85.00      0.0000        0.00       85.00      0.0000        0.00       85.00      0.0000        0.00       85.00      0.0000     -180.00       85.00      0.0000        0.00       85.00      0.0000        0.00       85.00      0.0000        0.00       85.00      0.0000     -180.00
       86.00      0.0000     -180.00       86.00      0.0000        0.00       86.00      0.0000        0.00       86.00      0.0000        0.00       86.00      0.0000     -180.00       86.00      0.0000        0.00       86.00      0.0000        0.00       86.00      0.0000        0.00       86.00      0.0000     -180.00
       87.00      0.0000     -180.00       87.00      0.0000        0.00       87.00      0.0000        0.00       87.00      0.0000        0.00       87.00      0.0000     -180.00       87.00      0.0000        0.00       87.00      0.0000        0.00       87.00      0.0000        0.00       87.00      0.0000     -180.00
       88.00      0.0000     -180.00       88.00      0.0000        0.00       88.00      0.0000        0.00       88.00      0.0000        0.00       88.00      0.0000     -180.00       88.00      0.0000        0.00       88.00      0.0000        0.00       88.00      0.0000        0.00       88.00      0.0000     -180.00
       89.00      0.0000     -180.00       89.00      0.0000        0.00       89.00      0.0000        0.00       89.00      0.0000        0.00       89.00      0.0000     -180.00       89.00      0.0000        0.00       89.00      0.0000        0.00       89.00      0.0000        0.00       89.00      0.0000     -180.00
       90.00      0.0000     -180.00       90.00      0.0000        0.00       90.00      0.0000        0.00       90.00      0.0000        0.00       90.00      0.0000     -180.00       90.00      0.0000        0.00       90.00      0.0000        0.00       90.00      0.0000        0.00       90.00      0.0000     -180.00
       91.00      0.0000     -180.00       91.00      0.0000        0.00       91.00      0.0000        0.00       91.00      0.0000        0.00       91.00      0.0000     -180.00       91.00      0.0000        0.00       91.00      0.0000        0.00       91.00      0.0000        0.00       91.00      0.0000     -180.00
       92.00      0.0000     -180.00       92.00      0.0000        0.00       92.00      0.0000        0.00       92.00      0.0000        0.00       92.00      0.0000     -180.00       92.00      0.0000        0.00       92.00      0.0000        0.00       92.00      0.0000        0.00       92.00      0.0000     -180.00
       93.00      0.0000     -180.00       93.00      0.0000        0.00       93.00      0.0000        0.00       93.00      0.0000        0.00       93.00      0.0000     -180.00       93.00      0.0000        0.00       93.00      0.0000        0.00       93.00      0.0000        0.00       93.00      0.0000     -180.00
       94.00      0.0000     -180.00       94.00      0.0000        0.00       94.00      0.0000        0.00       94.00      0.0000        0.00       94.00      0.0000     -180.00       94.00      0.0000        0.00       94.00      0.0000        0.00       94.00      0.0000        0.00       94.00      0.0000     -180.00
       95.00      0.0000     -180.00       95.00      0.0000        0.00       95.00      0.0000        0.00       95.00      0.0000        0.00       95.00      0.0000     -180.00       95.00      0.0000        0.00       95.00      0.0000        0.00       95.00      0.0000        0.00       95.00      0.0000     -180.00
       96.00      0.0000     -180.00       96.00      0.0000        0.00       96.00      0.0000        0.00       96.00      0.0000        0.00       96.00      0.0000     -180.00       96.00      0.0000        0.00       96.00      0.0000        0.00       96.00      0.0000        0.00       96.00      0.0000     -180.00
       97.00      0.0000     -180.00       97.00      0.0000        0.00       97.00      0.0000        0.00       97.00      0.0000        0.00       97.00      0.0000     -180.00       97.00      0.0000        0.00       97.00      0.0000        0.00       97.00      0.0000        0.00       97.00      0.0000     -180.00
       98.00      0.0000     -180.00       98.00      0.0000        0.00       98.00      0.0000        0.00       98.00      0.0000        0.00       98.00      0.0000     -180.00       98.00      0.0000        0.00       98.00      0.0000        0.00       98.00      0.0000        0.00       98.00      0.0000     -180.00
       99.00      0.0000     -180.00       99.00      0.0000        0.00       99.00      0.0000        0.00       99.00      0.0000        0.00       99.00      0.0000     -180.00       99.00      0.0000        0.00       99.00      0.0000        0.00       99.00      0.0000        0.00       99.00      0.0000     -180.00
      100.00      0.0000     -180.00      100.00      0.0000        0.00      100.00      0.0000        0.00      100.00      0.0000        0.00      100.00      0.0000     -180.00      100.00      0.0000        0.00      100.00      0.0000        0.00      100.00      0.0000        0.00      100.00      0.0000     -180.00
      101.00      0.0000     -180.00      101.00      0.0000        0.00      101.00      0.0000        0.00      101.00      0.0000        0.00      101.00      0.0000     -180.00      101.00      0.0000        0.00      101.00      0.0000        0.00      101.00      0.0000        0.00      101.00      0.0000     -180.00
      102.00      0.0000     -180.00      102.00      0.0000        0.00      102.00      0.0000        0.00      102.00      0.0000        0.00      102.00      0.0000     -180.00      102.00      0.0000        0.00      102.00      0.0000        0.00      102.00      0.0000        0.00      102.00      0.0000     -180.00
      103.00      0.0000     -180.00      103.00      0.0000        0.00      103.00      0.0000        0.00      103.00      0.0000        0.00      103.00      0.0000     -180.00      103.00      0.0000        0.00      103.00      0.0000        0.00      103.00      0.0000        0.00      103.00      0.0000     -180.00
      104.00      0.0000     -180.00      104.00      0.0000        0.00      104.00      0.0000        0.00      104.00      0.0000        0.00      104.00      0.0000     -180.00      104.00      0.0000        0.00      104.00      0.0000        0.00      104.00      0.0000        0.00      104.00      0.0000     -180.00
      105.00      0.0000     -180.00      105.00      0.0000        0.00      105.00      0.0000        0.00      105.00      0.0000        0.00      105.00      0.0000     -180.00      105.00      0.0000        0.00      105.00      0.0000        0.00      105.00      0.0000        0.00      105.00      0.0000     -180.00
      106.00      0.0000     -180.00      106.00      0.0000        0.00      106.00      0.0000        0.00      106.00      0.0000        0.00      106.00      0.0000     -180.00      106.00      0.0000        0.00      106.00      0.0000        0.00      106.00      0.0000        0.00      106.00      0.0000     -180.00
      107.00      0.0000     -180.00      107.00      0.0000        0.00      107.00      0.0000        0.00      107.00      0.0000        0.00      107.00      0.0000     -180.00      107.00      0.0000        0.00      107.00      0.0000        0.00      107.00      0.0000        0.00      107.00      0.0000     -180.00
      108.00      0.0000     -180.00      108.00      0.0000        0.00      108.00      0.0000        0.00      108.00      0.0000        0.00      108.00      0.0000     -180.00      108.00      0.0000        0.00      108.00      0.0000        0.00      108.00      0.0000        0.00      108.00      0.0000     -180.00
      109.00      0.0000     -180.00      109.00      0.0000        0.00      109.00      0.0000        0.00      109.00      0.0000        0.00      109.00      0.0000     -180.00      109.00      0.0000        0.00      109.00      0.0000        0.00      109.00      0.0000        0.00      109.00      0.0000     -180.00
      110.00      0.0000     -180.00      110.00      0.0000        0.00      110.00      0.0000        0.00      110.00      0.0000        0.00      110.00      0.0000     -180.00      110.00      0.0000        0.00      110.00      0.0000        0.00      110.00      0.0000        0.00      110.00      0.0000     -180.00
      111.00      0.0000     -180.00      111.00      0.0000        0.00      111.00      0.0000        0.00      111.00      0.0000        0.00      111.00      0.0000     -180.00      111.00      0.0000        0.00      111.00      0.0000        0.00      111.00      0.0000        0.00      111.00      0.0000     -180.00
      112.00      0.0000     -180.00      112.00      0.0000        0.00      112.00      0.0000        0.00      112.00      0.0000        0.00      112.00      0.0000     -180.00      112.00      0.0000        0.00      112.00      0.0000        0.00      112.00      0.0000        0.00      112.00      0.0000     -180.00
      113.00      0.0000     -180.00      113.00      0.0000        0.00      113.00      0.0000        0.00      113.00      0.0000        0.00      113.00      0.0000     -180.00      113.00      0.0000        0.00      113.00      0.0000        0.00      113.00      0.0000        0.00      113.00      0.0000     -180.00
      114.00      0.0000     -180.00      114.00      0.0000        0.00      114.00      0.0000        0.00      114.00      0.0000        0.00      114.00      0.0000     -180.00      114.00      0.0000        0.00      114.00      0.0000        0.00      114.00      0.0000        0.00      114.00      0.0000     -180.00
      115.00      0.0000     -180.00      115.00      0.0000        0.00      115.00      0.0000        0.00      115.00      0.0000        0.00      115.00      0.0000     -180.00      115.00      0.0000        0.00      115.00      0.0000        0.00      115.00      0.0000        0.00      115.00      0.0000     -180.00
      116.00      0.0000     -180.00      116.00      0.0000        0.00      116.00      0.0000        0.00      116.00      0.0000        0.00      116.00      0.0000     -180.00      116.00      0.0000        0.00      116.00      0.0000        0.00      116.00      0.0000        0.00      116.00      0.0000     -180.00
      117.00      0.0000     -180.00      117.00      0.0000        0.00      117.00      0.0000        0.00      117.00      0.0000        0.00      117.00      0.0000     -180.00      117.00      0.0000        0.00      117.00      0.0000        0.00      117.00      0.0000        0.00      117.00      0.0000     -180.00
      118.00      0.0000     -180.00      118.00      0.0000        0.00      118.00      0.0000        0.00      118.00      0.0000        0.00      118.00      0.0000     -180.00      118.00      0.0000        0.00      118.00      0.0000        0.00      118.00      0.0000        0.00      118.00      0.0000     -180.00
      119.00      0.0000     -180.00      119.00      0.0000        0.00      119.00      0.0000        0.00      119.00      0.0000        0.00      119.00      0.0000     -180.00      119.00      0.0000        0.00      119.00      0.0000        0.00      119.00      0.0000        0.00      119.00      0.0000     -180.00
      120.00      0.0000     -180.00      120.00      0.0000        0.00      120.00      0.0000        0.00      120.00      0.0000        0.00      120.00      0.0000     -180.00      120.00      0.0000        0.00      120.00      0.0000        0.00      120.00      0.0000        0.00      120.00      0.0000     -180.00
      121.00      0.0000     -180.00      121.00      0.0000        0.00      121.00      0.0000        0.00      121.00      0.0000        0.00      121.00      0.0000     -180.00      121.00      0.0000        0.00      121.00      0.0000        0.00      121.00      0.0000        0.00      121.00      0.0000     -180.00
      122.00      0.0000     -180.00      122.00      0.0000        0.00      122.00      0.0000        0.00      122.00      0.0000        0.00      122.00      0.0000     -180.00      122.00      0.0000        0.00      122.00      0.0000        0.00      122.00      0.0000        0.00      122.00      0.0000     -180.00
      123.00      0.0000     -180.00      123.00      0.0000        0.00      123.00      0.0000        0.00      123.00      0.0000        0.00      123.00      0.0000     -180.00      123.00      0.0000        0.00      123.00      0.0000        0.00      123.00      0.0000        0.00      123.00      0.0000     -180.00
      124.00      0.0000     -180.00      124.00      0.0000        0.00      124.00      0.0000        0.00      124.00      0.0000        0.00      124.00      0.0000     -180.00      124.00      0.0000        0.00      124.00      0.0000        0.00      124.00      0.0000        0.00      124.00      0.0000     -180.00
      125.00      0.0000     -180.00      125.00      0.0000        0.00      125.00      0.0000        0.00      125.00      0.0000        0.00      125.00      0.0000     -180.00      125.00      0.0000        0.00      125.00      0.0000        0.00      125.00      0.0000        0.00      125.00      0.0000     -180.00
      126.00      0.0000     -180.00      126.00      0.0000        0.00      126.00      0.0000        0.00      126.00      0.0000        0.00      126.00      0.0000     -180.00      126.00      0.0000        0.00      126.00      0.0000        0.00      126.00      0.0000        0.00      126.00      0.0000     -180.00
      127.00      0.0000     -180.00      127.00      0.0000        0.00      127.00      0.0000        0.00      127.00      0.0000        0.00      127.00      0.0000     -180.00      127.00      0.0000        0.00      127.00      0.0000        0.00      127.00      0.0000        0.00      127.00      0.0000     -180.00
      128.00      0.0000     -180.00      128.00      0.0000        0.00      128.00      0.0000        0.00      128.00      0.0000        0.00      128.00      0.0000     -180.00      128.00      0.0000        0.00      128.00      0.0000        0.00      128.00      0.0000        0.00      128.00      0.0000     -180.00
      129.00      0.0000     -180.00      129.00      0.0000        0.00      129.00      0.0000        0.00      129.00      0.0000        0.00      129.00      0.0000     -180.00      129.00      0.0000        0.00      129.00      0.0000        0.00      129.00      0.0000        0.00      129.00      0.0000     -180.00
      130.00      0.0000     -180.00      130.00      0.0000        0.00      130.00      0.0000        0.00      130.00      0.0000        0.00      130.00      0.0000     -180.00      130.00      0.0000        0.00      130.00      0.0000        0.00      130.00      0.0000        0.00      130.00      0.0000     -180.00
      131.00      0.0000     -180.00      131.00      0.0000        0.00      131.00      0.0000        0.00      131.00      0.0000        0.00      131.00      0.0000     -180.00      131.00      0.0000        0.00      131.00      0.0000        0.00      131.00      0.0000        0.00      131.00      0.0000     -180.00
      132.00      0.0000     -180.00      132.00      0.0000        0.00      132.00      0.0000        0.00      132.00      0.0000        0.00      132.00      0.0000     -180.00      132.00      0.0000        0.00      132.00      0.0000        0.00      132.00      0.0000        0.00      132.00      0.0000     -180.00
      133.00      0.0000     -180.00      133.00      0.0000        0.00      133.00      0.0000        0.00      133.00      0.0000        0.00      133.00      0.0000     -180.00      133.00      0.0000        0.00      133.00      0.0000        0.00      133.00      0.0000        0.00      133.00      0.0000     -180.00
      134.00      0.0000     -180.00      134.00      0.0000        0.00      134.00      0.0000        0.00      134.00      0.0000        0.00      134.00      0.0000     -180.00      134.00      0.0000        0.00      134.00      0.0000        0.00      134.00      0.0000        0.00      134.00      0.0000     -180.00
      135.00      0.0000     -180.00      135.00      0.0000        0.00      135.00      0.0000        0.00      135.00      0.0000        0.00      135.00      0.0000     -180.00      135.00      0.0000        0.00      135.00      0.0000        0.00      135.00      0.0000        0.00      135.00      0.0000     -180.00
      136.00      0.0000     -180.00      136.00      0.0000        0.00      136.00      0.0000        0.00      136.00      0.0000        0.00      136.00      0.0000     -180.00      136.00      0.0000        0.00      136.00      0.0000        0.00      136.00      0.0000        0.00      136.00      0.0000     -180.00
      137.00      0.0000     -180.00      137.00      0.0000        0.00      137.00      0.0000        0.00      137.00      0.0000        0.00      137.00      0.0000     -180.00      137.00      0.0000        0.00      137.00      0.0000        0.00      137.00      0.0000        0.00      137.00      0.0000     -180.00
      138.00      0.0000     -180.00      138.00      0.0000        0.00      138.00      0.0000        0.00      138.00      0.0000        0.00      138.00      0.0000     -180.00      138.00      0.0000        0.00      138.00      0.0000        0.00      138.00      0.0000        0.00      138.00      0.0000     -180.00
      139.00      0.0000     -180.00      139.00      0.0000        0.00      139.00      0.0000        0.00      139.00      0.0000        0.00      139.00      0.0000     -180.00      139.00      0.0000        0.00      139.00      0.0000        0.00      139.00      0.0000        0.00      139.00      0.0000     -180.00
      140.00      0.0000     -180.00      140.00      0.0000        0.00      140.00      0.0000        0.00      140.00      0.0000        0.00      140.00      0.0000     -180.00      140.00      0.0000        0.00      140.00      0.0000        0.00      140.00      0.0000        0.00      140.00      0.0000     -180.00
      141.00      0.0000     -180.00      141.00      0.0000        0.00      141.00      0.0000        0.00      141.00      0.0000        0.00      141.00      0.0000     -180.00      141.00      0.0000        0.00      141.00      0.0000        0.00      141.00      0.0000        0.00      141.00      0.0000     -180.00
      142.00      0.0000     -180.00      142.00      0.0000        0.00      142.00      0.0000        0.00      142.00      0.0000        0.00      142.00      0.0000     -180.00      142.00      0.0000        0.00      142.00      0.0000        0.00      142.00      0.0000        0.00      142.00      0.0000     -180.00
      143.00      0.0000     -180.00      143.00      0.0000        0.00      143.00      0.0000        0.00      143.00      0.0000        0.00      143.00      0.0000     -180.00      143.00      0.0000        0.00      143.00      0.0000        0.00      143.00      0.0000        0.00      143.00      0.0000     -180.00
      144.00      0.0000     -180.00      144.00      0.0000        0.00      144.00      0.0000        0.00      144.00      0.0000        0.00      144.00      0.0000     -180.00      144.00      0.0000        0.00      144.00      0.0000        0.00      144.00      0.0000        0.00      144.00      0.0000     -180.00
      145.00      0.0000     -180.00      145.00      0.0000        0.00      145.00      0.0000        0.00      145.00      0.0000        0.00      145.00      0.0000     -180.00      145.00      0.0000        0.00      145.00      0.0000        0.00      145.00      0.0000        0.00      145.00      0.0000     -180.00
      146.00      0.0000     -180.00      146.00      0.0000        0.00      146.00      0.0000        0.00      146.00      0.0000        0.00      146.00      0.0000     -180.00      146.00      0.0000        0.00      146.00      0.0000        0.00      146.00      0.0000        0.00      146.00      0.0000     -180.00
      147.00      0.0000     -180.00      147.00      0.0000        0.00      147.00      0.0000        0.00      147.00      0.0000        0.00      147.00      0.0000     -180.00      147.00      0.0000        0.00      147.00      0.0000        0.00      147.00      0.0000        0.00      147.00      0.0000     -180.00
      148.00      0.0000     -180.00      148.00      0.0000        0.00      148.00      0.0000        0.00      148.00      0.0000        0.00      148.00      0.0000     -180.00      148.00      0.0000        0.00      148.00      0.0000        0.00      148.00      0.0000        0.00      148.00      0.0000     -180.00
      149.00      0.0000     -180.00      149.00      0.0000        0.00      149.00      0.0000        0.00      149.00      0.0000        0.00      149.00      0.0000     -180.00      149.00      0.0000        0.00      149.00      0.0000        0.00      149.00      0.0000        0.00      149.00      0.0000     -180.00
      150.00      0.0000     -180.00      150.00      0.0000        0.00      150.00      0.0000        0.00      150.00      0.0000        0.00      150.00      0.0000     -180.00      150.00      0.0000        0.00      150.00      0.0000        0.00      150.00      0.0000        0.00      150.00      0.0000     -180.00
      151.00      0.0000     -180.00      151.00      0.0000        0.00      151.00      0.0000        0.00      151.00      0.0000        0.00      151.00      0.0000     -180.00      151.00      0.0000        0.00      151.00      0.0000        0.00      151.00      0.0000        0.00      151.00      0.0000     -180.00
      152.00      0.0000     -180.00      152.00      0.0000        0.00      152.00      0.0000        0.00      152.00      0.0000        0.00      152.00      0.0000     -180.00      152.00      0.0000        0.00      152.00      0.0000        0.00      152.00      0.0000        0.00      152.00      0.0000     -180.00
      153.00      0.0000     -180.00      153.00      0.0000        0.00      153.00      0.0000        0.00      153.00      0.0000        0.00      153.00      0.0000     -180.00      153.00      0.0000        0.00      153.00      0.0000        0.00      153.00      0.0000        0.00      153.00      0.0000     -180.00
      154.00      0.0000     -180.00      154.00      0.0000        0.00      154.00      0.0000        0.00      154.00      0.0000        0.00      154.00      0.0000     -180.00      154.00      0.0000        0.00      154.00      0.0000        0.00      154.00      0.0000        0.00      154.00      0.0000     -180.00
      155.00      0.0000     -180.00      155.00      0.0000        0.00      155.00      0.0000        0.00      155.00      0.0000        0.00      155.00      0.0000     -180.00      155.00      0.0000        0.00      155.00      0.0000        0.00      155.00      0.0000        0.00      155.00      0.0000     -180.00
      156.00      0.0000     -180.00      156.00      0.0000        0.00      156.00      0.0000        0.00      156.00      0.0000        0.00      156.00      0.0000     -180.00      156.00      0.0000        0.00      156.00      0.0000        0.00      156.00      0.0000        0.00      156.00      0.0000     -180.00
      157.00      0.0000     -180.00      157.00      0.0000        0.00      157.00      0.0000        0.00      157.00      0.0000        0.00      157.00      0.0000     -180.00      157.00      0.0000        0.00      157.00      0.0000        0.00      157.00      0.0000        0.00      157.00      0.0000     -180.00
      158.00      0.0000     -180.00      158.00      0.0000        0.00      158.00      0.0000        0.00      158.00      0.0000        0.00      158.00      0.0000     -180.00      158.00      0.0000        0.00      158.00      0.0000        0.00      158.00      0.0000        0.00      158.00      0.0000     -180.00
      159.00      0.0000     -180.00      159.00      0.0000        0.00      159.00      0.0000        0.00      159.00      0.0000        0.00      159.00      0.0000     -180.00      159.00      0.0000        0.00      159.00      0.0000        0.00      159.00      0.0000        0.00      159.00      0.0000     -180.00
      160.00      0.0000     -180.00      160.00      0.0000        0.00      160.00      0.0000        0.00      160.00      0.0000        0.00      160.00      0.0000     -180.00      160.00      0.0000        0.00      160.00      0.0000        0.00      160.00      0.0000        0.00      160.00      0.0000     -180.00
      161.00      0.0000     -180.00      161.00      0.0000        0.00      161.00      0.0000        0.00      161.00      0.0000        0.00      161.00      0.0000     -180.00      161.00      0.0000        0.00      161.00      0.0000        0.00      161.00      0.0000        0.00      161.00      0.0000     -180.00
      162.00      0.0000     -180.00      162.00      0.0000        0.00      162.00      0.0000        0.00      162.00      0.0000        0.00      162.00      0.0000     -180.00      162.00      0.0000        0.00      162.00      0.0000        0.00      162.00      0.0000        0.00      162.00      0.0000     -180.00
      163.00      0.0000     -180.00      163.00      0.0000        0.00      163.00      0.0000        0.00      163.00      0.0000        0.00      163.00      0.0000     -180.00      163.00      0.0000        0.00      163.00      0.0000        0.00      163.00      0.0000        0.00      163.00      0.0000     -180.00
      164.00      0.0000     -180.00      164.00      0.0000        0.00      164.00      0.0000        0.00      164.00      0.0000        0.00      164.00      0.0000     -180.00      164.00      0.0000        0.00      164.00      0.0000        0.00      164.00      0.0000        0.00      164.00      0.0000     -180.00
      165.00      0.0000     -180.00      165.00      0.0000        0.00      165.00      0.0000        0.00      165.00      0.0000        0.00      165.00      0.0000     -180.00      165.00      0.0000        0.00      165.00      0.0000        0.00      165.00      0.0000        0.00      165.00      0.0000     -180.00
      166.00      0.0000     -180.00      166.00      0.0000        0.00      166.00      0.0000        0.00      166.00      0.0000        0.00      166.00      0.0000     -180.00      166.00      0.0000        0.00      166.00      0.0000        0.00      166.00      0.0000        0.00      166.00      0.0000     -180.00
      167.00      0.0000     -180.00      167.00      0.0000        0.00      167.00      0.0000        0.00      167.00      0.0000        0.00      167.00      0.0000     -180.00      167.00      0.0000        0.00      167.00      0.0000        0.00      167.00      0.0000        0.00      167.00      0.0000     -180.00
      168.00      0.0000     -180.00      168.00      0.0000        0.00      168.00      0.0000        0.00      168.00      0.0000        0.00      168.00      0.0000     -180.00      168.00      0.0000        0.00      168.00      0.0000        0.00      168.00      0.0000        0.00      168.00      0.0000     -180.00
      169.00      0.0000     -180.00      169.00      0.0000        0.00      169.00      0.0000        0.00      169.00      0.0000        0.00      169.00      0.0000     -180.00      169.00      0.0000        0.00      169.00      0.0000        0.00      169.00      0.0000        0.00      169.00      0.0000     -180.00
      170.00      0.0000     -180.00      170.00      0.0000        0.00      170.00      0.0000        0.00      170.00      0.0000        0.00      170.00      0.0000     -180.00      170.00      0.0000        0.00      170.00      0.0000        0.00      170.00      0.0000        0.00      170.00      0.0000     -180.00
      171.00      0.0000     -180.00      171.00      0.0000        0.00      171.00      0.0000        0.00      171.00      0.0000        0.00      171.00      0.0000     -180.00      171.00      0.0000        0.00      171.00      0.0000        0.00      171.00      0.0000        0.00      171.00      0.0000     -180.00
      172.00      0.0000     -180.00      172.00      0.0000        0.00      172.00      0.0000        0.00      172.00      0.0000        0.00      172.00      0.0000     -180.00      172.00      0.0000        0.00      172.00      0.0000        0.00      172.00      0.0000        0.00      172.00      0.0000     -180.00
      173.00      0.0000     -180.00      173.00      0.0000        0.00      173.00      0.0000        0.00      173.00      0.0000        0.00      173.00      0.0000     -180.00      173.00      0.0000        0.00      173.00      0.0000        0.00      173.00      0.0000        0.00      173.00      0.0000     -180.00
      174.00      0.0000     -180.00      174.00      0.0000        0.00      174.00      0.0000        0.00      174.00      0.0000        0.00      174.00      0.0000     -180.00      174.00      0.0000        0.00      174.00      0.0000        0.00      174.00      0.0000        0.00      174.00      0.0000     -180.00
      175.00      0.0000     -180.00      175.00      0.0000        0.00      175.00      0.0000        0.00      175.00      0.0000        0.00      175.00      0.0000     -180.00      175.00      0.0000        0.00      175.00      0.0000        0.00      175.00      0.0000        0.00      175.00      0.0000     -180.00
      176.00      0.0000     -180.00      176.00      0.0000        0.00      176.00      0.0000        0.00      176.00      0.0000        0.00      176.00      0.0000     -180.00      176.00      0.0000        0.00      176.00      0.0000        0.00      176.00      0.0000        0.00      176.00      0.0000     -180.00
      177.00      0.0000     -180.00      177.00      0.0000        0.00      177.00      0.0000        0.00      177.00      0.0000        0.00      177.00      0.0000     -180.00      177.00      0.0000        0.00      177.00      0.0000        0.00      177.00      0.0000        0.00      177.00      0.0000     -180.00
      178.00      0.0000     -180.00      178.00      0.0000        0.00      178.00      0.0000        0.00      178.00      0.0000        0.00      178.00      0.0000     -180.00      178.00      0.0000        0.00      178.00      0.0000        0.00      178.00      0.0000        0.00      178.00      0.0000     -180.00
      179.00      0.0000     -180.00      179.00      0.0000        0.00      179.00      0.0000        0.00      179.00      0.0000        0.00      179.00      0.0000     -180.00      179.00      0.0000        0.00      179.00      0.0000        0.00      179.00      0.0000        0.00      179.00      0.0000     -180.00
      180.00      0.0000     -180.00      180.00      0.0000        0.00      180.00      0.0000        0.00      180.00      0.0000        0.00      180.00      0.0000     -180.00      180.00      0.0000        0.00      180.00      0.0000        0.00      180.00      0.0000        0.00      180.00      0.0000     -180.00
      181.00      0.0000     -180.00      181.00      0.0000        0.00      181.00      0.0000        0.00      181.00      0.0000        0.00      181.00      0.0000     -180.00      181.00      0.0000        0.00      181.00      0.0000        0.00      181.00      0.0000        0.00      181.00      0.0000     -180.00
      182.00      0.0000     -180.00      182.00      0.0000        0.00      182.00      0.0000        0.00      182.00      0.0000        0.00      182.00      0.0000     -180.00      182.00      0.0000        0.00      182.00      0.0000        0.00      182.00      0.0000        0.00      182.00      0.0000     -180.00
      183.00      0.0000     -180.00      183.00      0.0000        0.00      183.00      0.0000        0.00      183.00      0.0000        0.00      183.00      0.0000     -180.00      183.00      0.0000        0.00      183.00      0.0000        0.00      183.00      0.0000        0.00      183.00      0.0000     -180.00
      184.00      0.0000     -180.00      184.00      0.0000        0.00      184.00      0.0000        0.00      184.00      0.0000        0.00      184.00      0.0000     -180.00      184.00      0.0000        0.00      184.00      0.0000        0.00      184.00      0.0000        0.00      184.00      0.0000     -180.00
      185.00      0.0000     -180.00      185.00      0.0000        0.00      185.00      0.0000        0.00      185.00      0.0000        0.00      185.00      0.0000     -180.00      185.00      0.0000        0.00      185.00      0.0000        0.00      185.00      0.0000        0.00      185.00      0.0000     -180.00
      186.00      0.0000     -180.00      186.00      0.0000        0.00      186.00      0.0000        0.00      186.00      0.0000        0.00      186.00      0.0000     -180.00      186.00      0.0000        0.00      186.00      0.0000        0.00      186.00      0.0000        0.00      186.00      0.0000     -180.00
      187.00      0.0000     -180.00      187.00      0.0000        0.00      187.00      0.0000        0.00      187.00      0.0000        0.00      187.00      0.0000     -180.00      187.00      0.0000        0.00      187.00      0.0000        0.00      187.00      0.0000        0.00      187.00      0.0000     -180.00
      188.00      0.0000     -180.00      188.00      0.0000        0.00      188.00      0.0000        0.00      188.00      0.0000        0.00      188.00      0.0000     -180.00      188.00      0.0000        0.00      188.00      0.0000        0.00      188.00      0.0000        0.00      188.00      0.0000     -180.00
      189.00      0.0000     -180.00      189.00      0.0000        0.00      189.00      0.0000        0.00      189.00      0.0000        0.00      189.00      0.0000     -180.00      189.00      0.0000        0.00      189.00      0.0000        0.00      189.00      0.0000        0.00      189.00      0.0000     -180.00
      190.00      0.0000     -180.00      190.00      0.0000        0.00      190.00      0.0000        0.00      190.00      0.0000        0.00      190.00      0.0000     -180.00      190.00      0.0000        0.00      190.00      0.0000        0.00      190.00      0.0000        0.00      190.00      0.0000     -180.00
      191.00      0.0000     -180.00      191.00      0.0000        0.00      191.00      0.0000        0.00      191.00      0.0000        0.00      191.00      0.0000     -180.00      191.00      0.0000        0.00      191.00      0.0000        0.00      191.00      0.0000        0.00      191.00      0.0000     -180.00
      192.00      0.0000     -180.00      192.00      0.0000        0.00      192.00      0.0000        0.00      192.00      0.0000        0.00      192.00      0.0000     -180.00      192.00      0.0000        0.00      192.00      0.0000        0.00      192.00      0.0000        0.00      192.00      0.0000     -180.00
      193.00      0.0000     -180.00      193.00      0.0000        0.00      193.00      0.0000        0.00      193.00      0.0000        0.00      193.00      0.0000     -180.00      193.00      0.0000        0.00      193.00      0.0000        0.00      193.00      0.0000        0.00      193.00      0.0000     -180.00
      194.00      0.0000     -180.00      194.00      0.0000        0.00      194.00      0.0000        0.00      194.00      0.0000        0.00      194.00      0.0000     -180.00      194.00      0.0000        0.00      194.00      0.0000        0.00      194.00      0.0000        0.00      194.00      0.0000     -180.00
      195.00      0.0000     -180.00      195.00      0.0000        0.00      195.00      0.0000        0.00      195.00      0.0000        0.00      195.00      0.0000     -180.00      195.00      0.0000        0.00      195.00      0.0000        0.00      195.00      0.0000        0.00      195.00      0.0000     -180.00
      196.00      0.0000     -180.00      196.00      0.0000        0.00      196.00      0.0000        0.00      196.00      0.0000        0.00      196.00      0.0000     -180.00      196.00      0.0000        0.00      196.00      0.0000        0.00      196.00      0.0000        0.00      196.00      0.0000     -180.00
      197.00      0.0000     -180.00      197.00      0.0000        0.00      197.00      0.0000        0.00      197.00      0.0000        0.00      197.00      0.0000     -180.00      197.00      0.0000        0.00      197.00      0.0000        0.00      197.00      0.0000        0.00      197.00      0.0000     -180.00
      198.00      0.0000     -180.00      198.00      0.0000        0.00      198.00      0.0000        0.00      198.00      0.0000        0.00      198.00      0.0000     -180.00      198.00      0.0000        0.00      198.00      0.0000        0.00      198.00      0.0000        0.00      198.00      0.0000     -180.00
      199.00      0.0000     -180.00      199.00      0.0000        0.00      199.00      0.0000        0.00      199.00      0.0000        0.00      199.00      0.0000     -180.00      199.00      0.0000        0.00      199.00      0.0000        0.00      199.00      0.0000        0.00      199.00      0.0000     -180.00
      200.00      0.0000     -180.00      200.00      0.0000        0.00      200.00      0.0000        0.00      200.00      0.0000        0.00      200.00      0.0000     -180.00      200.00      0.0000        0.00      200.00      0.0000        0.00      200.00      0.0000        0.00      200.00      0.0000     -180.00

Natural Frequencies:
13.0254
4.90613
9.21425

Hysteretic proportional damping:
Frequencies:
(13.0295,0.325533)
(4.90766,0.122615)
(9.21712,0.230284)
