receptance constructor:
viscous constructor:
      1.0000      0.0050      0.0050     -0.0000     -0.0708      0.0050      1.3157
      2.0000      0.0051      0.0051     -0.0000     -0.1433      0.0050      0.3289
      3.0000      0.0052      0.0052     -0.0000     -0.2192      0.0050      0.1462
      4.0000      0.0053      0.0053     -0.0000     -0.3005      0.0050      0.0822
      5.0000      0.0055      0.0055     -0.0000     -0.3897      0.0050      0.0526
      6.0000      0.0058      0.0058     -0.0000     -0.4903      0.0050      0.0365
      7.0000      0.0061      0.0061     -0.0001     -0.6066      0.0050      0.0269
      8.0000      0.0066      0.0066     -0.0001     -0.7453      0.0050      0.0206
      9.0000      0.0072      0.0072     -0.0001     -0.9165      0.0050      0.0162
     10.0000      0.0080      0.0080     -0.0002     -1.1364      0.0050      0.0132
     11.0000      0.0092      0.0092     -0.0002     -1.4338      0.0050      0.0109
     12.0000      0.0110      0.0110     -0.0004     -1.8644      0.0050      0.0091
     13.0000      0.0139      0.0139     -0.0006     -2.5520      0.0050      0.0078
     14.0000      0.0194      0.0193     -0.0013     -3.8405      0.0050      0.0067
     15.0000      0.0337      0.0334     -0.0042     -7.1684      0.0050      0.0058
     16.0000      0.1412      0.1172     -0.0787    -33.8865      0.0050      0.0051
     17.0000      0.0509     -0.0497     -0.0109   -167.6709      0.0050      0.0046
     18.0000      0.0217     -0.0216     -0.0021   -174.4589      0.0050      0.0041
     19.0000      0.0135     -0.0135     -0.0009   -176.3697      0.0050      0.0036
     20.0000      0.0096     -0.0096     -0.0005   -177.2708      0.0050      0.0033
     21.0000      0.0074     -0.0074     -0.0003   -177.7966      0.0050      0.0030
     22.0000      0.0060     -0.0060     -0.0002   -178.1421      0.0050      0.0027
     23.0000      0.0050     -0.0050     -0.0001   -178.3870      0.0050      0.0025
     24.0000      0.0042     -0.0042     -0.0001   -178.5701      0.0050      0.0023
     25.0000      0.0036     -0.0036     -0.0001   -178.7125      0.0050      0.0021
     26.0000      0.0032     -0.0032     -0.0001   -178.8267      0.0050      0.0019
     27.0000      0.0028     -0.0028     -0.0001   -178.9203      0.0050      0.0018
     28.0000      0.0025     -0.0025     -0.0000   -178.9987      0.0050      0.0017
     29.0000      0.0023     -0.0023     -0.0000   -179.0653      0.0050      0.0016
     30.0000      0.0021     -0.0021     -0.0000   -179.1228      0.0050      0.0015
     31.0000      0.0019     -0.0019     -0.0000   -179.1728      0.0050      0.0014
     32.0000      0.0017     -0.0017     -0.0000   -179.2169      0.0050      0.0013
     33.0000      0.0016     -0.0016     -0.0000   -179.2560      0.0050      0.0012
     34.0000      0.0015     -0.0015     -0.0000   -179.2911      0.0050      0.0011
     35.0000      0.0014     -0.0014     -0.0000   -179.3226      0.0050      0.0011
     36.0000      0.0013     -0.0013     -0.0000   -179.3512      0.0050      0.0010
     37.0000      0.0012     -0.0012     -0.0000   -179.3772      0.0050      0.0010
     38.0000      0.0011     -0.0011     -0.0000   -179.4010      0.0050      0.0009
     39.0000      0.0010     -0.0010     -0.0000   -179.4229      0.0050      0.0009
     40.0000      0.0010     -0.0010     -0.0000   -179.4431      0.0050      0.0008
     41.0000      0.0009     -0.0009     -0.0000   -179.4618      0.0050      0.0008
     42.0000      0.0009     -0.0009     -0.0000   -179.4792      0.0050      0.0007
     43.0000      0.0008     -0.0008     -0.0000   -179.4954      0.0050      0.0007
     44.0000      0.0008     -0.0008     -0.0000   -179.5105      0.0050      0.0007
     45.0000      0.0007     -0.0007     -0.0000   -179.5247      0.0050      0.0006
     46.0000      0.0007     -0.0007     -0.0000   -179.5380      0.0050      0.0006
     47.0000      0.0007     -0.0007     -0.0000   -179.5505      0.0050      0.0006
     48.0000      0.0006     -0.0006     -0.0000   -179.5623      0.0050      0.0006
     49.0000      0.0006     -0.0006     -0.0000   -179.5735      0.0050      0.0005
     50.0000      0.0006     -0.0006     -0.0000   -179.5841      0.0050      0.0005
     51.0000      0.0006     -0.0006     -0.0000   -179.5941      0.0050      0.0005
     52.0000      0.0005     -0.0005     -0.0000   -179.6036      0.0050      0.0005
     53.0000      0.0005     -0.0005     -0.0000   -179.6126      0.0050      0.0005
     54.0000      0.0005     -0.0005     -0.0000   -179.6213      0.0050      0.0005
     55.0000      0.0005     -0.0005     -0.0000   -179.6295      0.0050      0.0004
     56.0000      0.0005     -0.0005     -0.0000   -179.6373      0.0050      0.0004
     57.0000      0.0004     -0.0004     -0.0000   -179.6448      0.0050      0.0004
     58.0000      0.0004     -0.0004     -0.0000   -179.6520      0.0050      0.0004
     59.0000      0.0004     -0.0004     -0.0000   -179.6589      0.0050      0.0004
     60.0000      0.0004     -0.0004     -0.0000   -179.6655      0.0050      0.0004
     61.0000      0.0004     -0.0004     -0.0000   -179.6718      0.0050      0.0004
     62.0000      0.0004     -0.0004     -0.0000   -179.6779      0.0050      0.0003
     63.0000      0.0004     -0.0004     -0.0000   -179.6837      0.0050      0.0003
     64.0000      0.0003     -0.0003     -0.0000   -179.6894      0.0050      0.0003
     65.0000      0.0003     -0.0003     -0.0000   -179.6948      0.0050      0.0003
     66.0000      0.0003     -0.0003     -0.0000   -179.7000      0.0050      0.0003
     67.0000      0.0003     -0.0003     -0.0000   -179.7051      0.0050      0.0003
     68.0000      0.0003     -0.0003     -0.0000   -179.7099      0.0050      0.0003
     69.0000      0.0003     -0.0003     -0.0000   -179.7146      0.0050      0.0003
     70.0000      0.0003     -0.0003     -0.0000   -179.7192      0.0050      0.0003
     71.0000      0.0003     -0.0003     -0.0000   -179.7236      0.0050      0.0003
     72.0000      0.0003     -0.0003     -0.0000   -179.7278      0.0050      0.0003
     73.0000      0.0003     -0.0003     -0.0000   -179.7320      0.0050      0.0002
     74.0000      0.0003     -0.0003     -0.0000   -179.7359      0.0050      0.0002
     75.0000      0.0002     -0.0002     -0.0000   -179.7398      0.0050      0.0002
     76.0000      0.0002     -0.0002     -0.0000   -179.7436      0.0050      0.0002
     77.0000      0.0002     -0.0002     -0.0000   -179.7472      0.0050      0.0002
     78.0000      0.0002     -0.0002     -0.0000   -179.7508      0.0050      0.0002
     79.0000      0.0002     -0.0002     -0.0000   -179.7542      0.0050      0.0002
     80.0000      0.0002     -0.0002     -0.0000   -179.7575      0.0050      0.0002
     81.0000      0.0002     -0.0002     -0.0000   -179.7608      0.0050      0.0002
     82.0000      0.0002     -0.0002     -0.0000   -179.7639      0.0050      0.0002
     83.0000      0.0002     -0.0002     -0.0000   -179.7670      0.0050      0.0002
     84.0000      0.0002     -0.0002     -0.0000   -179.7700      0.0050      0.0002
     85.0000      0.0002     -0.0002     -0.0000   -179.7729      0.0050      0.0002
     86.0000      0.0002     -0.0002     -0.0000   -179.7758      0.0050      0.0002
     87.0000      0.0002     -0.0002     -0.0000   -179.7785      0.0050      0.0002
     88.0000      0.0002     -0.0002     -0.0000   -179.7812      0.0050      0.0002
     89.0000      0.0002     -0.0002     -0.0000   -179.7839      0.0050      0.0002
     90.0000      0.0002     -0.0002     -0.0000   -179.7864      0.0050      0.0002
     91.0000      0.0002     -0.0002     -0.0000   -179.7889      0.0050      0.0002
     92.0000      0.0002     -0.0002     -0.0000   -179.7914      0.0050      0.0002
     93.0000      0.0002     -0.0002     -0.0000   -179.7938      0.0050      0.0002
     94.0000      0.0002     -0.0002     -0.0000   -179.7961      0.0050      0.0001
     95.0000      0.0002     -0.0002     -0.0000   -179.7984      0.0050      0.0001
     96.0000      0.0001     -0.0001     -0.0000   -179.8006      0.0050      0.0001
     97.0000      0.0001     -0.0001     -0.0000   -179.8028      0.0050      0.0001
     98.0000      0.0001     -0.0001     -0.0000   -179.8049      0.0050      0.0001
     99.0000      0.0001     -0.0001     -0.0000   -179.8070      0.0050      0.0001
    100.0000      0.0001     -0.0001     -0.0000   -179.8090      0.0050      0.0001
    101.0000      0.0001     -0.0001     -0.0000   -179.8110      0.0050      0.0001
    102.0000      0.0001     -0.0001     -0.0000   -179.8130      0.0050      0.0001
    103.0000      0.0001     -0.0001     -0.0000   -179.8149      0.0050      0.0001
    104.0000      0.0001     -0.0001     -0.0000   -179.8167      0.0050      0.0001
    105.0000      0.0001     -0.0001     -0.0000   -179.8186      0.0050      0.0001
    106.0000      0.0001     -0.0001     -0.0000   -179.8204      0.0050      0.0001
    107.0000      0.0001     -0.0001     -0.0000   -179.8221      0.0050      0.0001
    108.0000      0.0001     -0.0001     -0.0000   -179.8239      0.0050      0.0001
    109.0000      0.0001     -0.0001     -0.0000   -179.8255      0.0050      0.0001
    110.0000      0.0001     -0.0001     -0.0000   -179.8272      0.0050      0.0001
    111.0000      0.0001     -0.0001     -0.0000   -179.8288      0.0050      0.0001
    112.0000      0.0001     -0.0001     -0.0000   -179.8304      0.0050      0.0001
    113.0000      0.0001     -0.0001     -0.0000   -179.8320      0.0050      0.0001
    114.0000      0.0001     -0.0001     -0.0000   -179.8335      0.0050      0.0001
    115.0000      0.0001     -0.0001     -0.0000   -179.8350      0.0050      0.0001
    116.0000      0.0001     -0.0001     -0.0000   -179.8365      0.0050      0.0001
    117.0000      0.0001     -0.0001     -0.0000   -179.8380      0.0050      0.0001
    118.0000      0.0001     -0.0001     -0.0000   -179.8394      0.0050      0.0001
    119.0000      0.0001     -0.0001     -0.0000   -179.8408      0.0050      0.0001
    120.0000      0.0001     -0.0001     -0.0000   -179.8422      0.0050      0.0001
    121.0000      0.0001     -0.0001     -0.0000   -179.8435      0.0050      0.0001
    122.0000      0.0001     -0.0001     -0.0000   -179.8449      0.0050      0.0001
    123.0000      0.0001     -0.0001     -0.0000   -179.8462      0.0050      0.0001
    124.0000      0.0001     -0.0001     -0.0000   -179.8475      0.0050      0.0001
    125.0000      0.0001     -0.0001     -0.0000   -179.8487      0.0050      0.0001
    126.0000      0.0001     -0.0001     -0.0000   -179.8500      0.0050      0.0001
    127.0000      0.0001     -0.0001     -0.0000   -179.8512      0.0050      0.0001
    128.0000      0.0001     -0.0001     -0.0000   -179.8524      0.0050      0.0001
    129.0000      0.0001     -0.0001     -0.0000   -179.8536      0.0050      0.0001
    130.0000      0.0001     -0.0001     -0.0000   -179.8547      0.0050      0.0001
    131.0000      0.0001     -0.0001     -0.0000   -179.8559      0.0050      0.0001
    132.0000      0.0001     -0.0001     -0.0000   -179.8570      0.0050      0.0001
    133.0000      0.0001     -0.0001     -0.0000   -179.8581      0.0050      0.0001
    134.0000      0.0001     -0.0001     -0.0000   -179.8592      0.0050      0.0001
    135.0000      0.0001     -0.0001     -0.0000   -179.8603      0.0050      0.0001
    136.0000      0.0001     -0.0001     -0.0000   -179.8613      0.0050      0.0001
    137.0000      0.0001     -0.0001     -0.0000   -179.8624      0.0050      0.0001
    138.0000      0.0001     -0.0001     -0.0000   -179.8634      0.0050      0.0001
    139.0000      0.0001     -0.0001     -0.0000   -179.8644      0.0050      0.0001
    140.0000      0.0001     -0.0001     -0.0000   -179.8654      0.0050      0.0001
    141.0000      0.0001     -0.0001     -0.0000   -179.8664      0.0050      0.0001
    142.0000      0.0001     -0.0001     -0.0000   -179.8674      0.0050      0.0001
    143.0000      0.0001     -0.0001     -0.0000   -179.8683      0.0050      0.0001
    144.0000      0.0001     -0.0001     -0.0000   -179.8693      0.0050      0.0001
    145.0000      0.0001     -0.0001     -0.0000   -179.8702      0.0050      0.0001
    146.0000      0.0001     -0.0001     -0.0000   -179.8711      0.0050      0.0001
    147.0000      0.0001     -0.0001     -0.0000   -179.8720      0.0050      0.0001
    148.0000      0.0001     -0.0001     -0.0000   -179.8729      0.0050      0.0001
    149.0000      0.0001     -0.0001     -0.0000   -179.8738      0.0050      0.0001
    150.0000      0.0001     -0.0001     -0.0000   -179.8746      0.0050      0.0001
    151.0000      0.0001     -0.0001     -0.0000   -179.8755      0.0050      0.0001
    152.0000      0.0001     -0.0001     -0.0000   -179.8763      0.0050      0.0001
    153.0000      0.0001     -0.0001     -0.0000   -179.8771      0.0050      0.0001
    154.0000      0.0001     -0.0001     -0.0000   -179.8780      0.0050      0.0001
    155.0000      0.0001     -0.0001     -0.0000   -179.8788      0.0050      0.0001
    156.0000      0.0001     -0.0001     -0.0000   -179.8796      0.0050      0.0001
    157.0000      0.0001     -0.0001     -0.0000   -179.8803      0.0050      0.0001
    158.0000      0.0001     -0.0001     -0.0000   -179.8811      0.0050      0.0001
    159.0000      0.0001     -0.0001     -0.0000   -179.8819      0.0050      0.0001
    160.0000      0.0001     -0.0001     -0.0000   -179.8826      0.0050      0.0001
    161.0000      0.0001     -0.0001     -0.0000   -179.8834      0.0050      0.0001
    162.0000      0.0001     -0.0001     -0.0000   -179.8841      0.0050      0.0001
    163.0000      0.0001     -0.0001     -0.0000   -179.8848      0.0050      0.0000
    164.0000      0.0000     -0.0000     -0.0000   -179.8856      0.0050      0.0000
    165.0000      0.0000     -0.0000     -0.0000   -179.8863      0.0050      0.0000
    166.0000      0.0000     -0.0000     -0.0000   -179.8870      0.0050      0.0000
    167.0000      0.0000     -0.0000     -0.0000   -179.8877      0.0050      0.0000
    168.0000      0.0000     -0.0000     -0.0000   -179.8883      0.0050      0.0000
    169.0000      0.0000     -0.0000     -0.0000   -179.8890      0.0050      0.0000
    170.0000      0.0000     -0.0000     -0.0000   -179.8897      0.0050      0.0000
    171.0000      0.0000     -0.0000     -0.0000   -179.8903      0.0050      0.0000
    172.0000      0.0000     -0.0000     -0.0000   -179.8910      0.0050      0.0000
    173.0000      0.0000     -0.0000     -0.0000   -179.8916      0.0050      0.0000
    174.0000      0.0000     -0.0000     -0.0000   -179.8923      0.0050      0.0000
    175.0000      0.0000     -0.0000     -0.0000   -179.8929      0.0050      0.0000
    176.0000      0.0000     -0.0000     -0.0000   -179.8935      0.0050      0.0000
    177.0000      0.0000     -0.0000     -0.0000   -179.8941      0.0050      0.0000
    178.0000      0.0000     -0.0000     -0.0000   -179.8947      0.0050      0.0000
    179.0000      0.0000     -0.0000     -0.0000   -179.8953      0.0050      0.0000
    180.0000      0.0000     -0.0000     -0.0000   -179.8959      0.0050      0.0000
    181.0000      0.0000     -0.0000     -0.0000   -179.8965      0.0050      0.0000
    182.0000      0.0000     -0.0000     -0.0000   -179.8971      0.0050      0.0000
    183.0000      0.0000     -0.0000     -0.0000   -179.8977      0.0050      0.0000
    184.0000      0.0000     -0.0000     -0.0000   -179.8982      0.0050      0.0000
    185.0000      0.0000     -0.0000     -0.0000   -179.8988      0.0050      0.0000
    186.0000      0.0000     -0.0000     -0.0000   -179.8993      0.0050      0.0000
    187.0000      0.0000     -0.0000     -0.0000   -179.8999      0.0050      0.0000
    188.0000      0.0000     -0.0000     -0.0000   -179.9004      0.0050      0.0000
    189.0000      0.0000     -0.0000     -0.0000   -179.9010      0.0050      0.0000
    190.0000      0.0000     -0.0000     -0.0000   -179.9015      0.0050      0.0000
    191.0000      0.0000     -0.0000     -0.0000   -179.9020      0.0050      0.0000
    192.0000      0.0000     -0.0000     -0.0000   -179.9025      0.0050      0.0000
    193.0000      0.0000     -0.0000     -0.0000   -179.9030      0.0050      0.0000
    194.0000      0.0000     -0.0000     -0.0000   -179.9035      0.0050      0.0000
    195.0000      0.0000     -0.0000     -0.0000   -179.9041      0.0050      0.0000
    196.0000      0.0000     -0.0000     -0.0000   -179.9045      0.0050      0.0000
    197.0000      0.0000     -0.0000     -0.0000   -179.9050      0.0050      0.0000
    198.0000      0.0000     -0.0000     -0.0000   -179.9055      0.0050      0.0000
    199.0000      0.0000     -0.0000     -0.0000   -179.9060      0.0050      0.0000
    200.0000      0.0000     -0.0000     -0.0000   -179.9065      0.0050      0.0000
   Frequency   Mag(Visc)  Real(Visc)  Imag(Visc) Phase(Visc)         1/k    1./(wwm)
